Number of nodes 806 
     0 :  1.0000000e+00  1.0000000e+00 
     1 :  8.7500000e-01  1.0000000e+00 
     2 :  7.5000000e-01  8.7500000e-01 
     3 :  7.5000000e-01  0.0000000e+00 
     4 :  2.5000000e-01  0.0000000e+00 
     5 :  2.5000000e-01  8.7500000e-01 
     6 :  1.2500000e-01  1.0000000e+00 
     7 :  0.0000000e+00  1.0000000e+00 
     8 :  0.0000000e+00  2.0000000e+00 
     9 :  1.0000000e+00  2.0000000e+00 
    10 :  9.5833333e-01  1.0000000e+00 
    11 :  9.1666667e-01  1.0000000e+00 
    12 :  8.2716457e-01  9.9048494e-01 
    13 :  7.8661165e-01  9.6338835e-01 
    14 :  7.5951506e-01  9.2283543e-01 
    15 :  7.5000000e-01  8.2638889e-01 
    16 :  7.5000000e-01  7.7777778e-01 
    17 :  7.5000000e-01  7.2916667e-01 
    18 :  7.5000000e-01  6.8055556e-01 
    19 :  7.5000000e-01  6.3194444e-01 
    20 :  7.5000000e-01  5.8333333e-01 
    21 :  7.5000000e-01  5.3472222e-01 
    22 :  7.5000000e-01  4.8611111e-01 
    23 :  7.5000000e-01  4.3750000e-01 
    24 :  7.5000000e-01  3.8888889e-01 
    25 :  7.5000000e-01  3.4027778e-01 
    26 :  7.5000000e-01  2.9166667e-01 
    27 :  7.5000000e-01  2.4305556e-01 
    28 :  7.5000000e-01  1.9444444e-01 
    29 :  7.5000000e-01  1.4583333e-01 
    30 :  7.5000000e-01  9.7222222e-02 
    31 :  7.5000000e-01  4.8611111e-02 
    32 :  3.0000000e-01  0.0000000e+00 
    33 :  3.5000000e-01  0.0000000e+00 
    34 :  4.0000000e-01  0.0000000e+00 
    35 :  4.5000000e-01  0.0000000e+00 
    36 :  5.0000000e-01  0.0000000e+00 
    37 :  5.5000000e-01  0.0000000e+00 
    38 :  6.0000000e-01  0.0000000e+00 
    39 :  6.5000000e-01  0.0000000e+00 
    40 :  7.0000000e-01  0.0000000e+00 
    41 :  2.5000000e-01  4.8611111e-02 
    42 :  2.5000000e-01  9.7222222e-02 
    43 :  2.5000000e-01  1.4583333e-01 
    44 :  2.5000000e-01  1.9444444e-01 
    45 :  2.5000000e-01  2.4305556e-01 
    46 :  2.5000000e-01  2.9166667e-01 
    47 :  2.5000000e-01  3.4027778e-01 
    48 :  2.5000000e-01  3.8888889e-01 
    49 :  2.5000000e-01  4.3750000e-01 
    50 :  2.5000000e-01  4.8611111e-01 
    51 :  2.5000000e-01  5.3472222e-01 
    52 :  2.5000000e-01  5.8333333e-01 
    53 :  2.5000000e-01  6.3194444e-01 
    54 :  2.5000000e-01  6.8055556e-01 
    55 :  2.5000000e-01  7.2916667e-01 
    56 :  2.5000000e-01  7.7777778e-01 
    57 :  2.5000000e-01  8.2638889e-01 
    58 :  2.4048494e-01  9.2283543e-01 
    59 :  2.1338835e-01  9.6338835e-01 
    60 :  1.7283543e-01  9.9048494e-01 
    61 :  8.3333333e-02  1.0000000e+00 
    62 :  4.1666667e-02  1.0000000e+00 
    63 :  0.0000000e+00  1.9500000e+00 
    64 :  0.0000000e+00  1.9000000e+00 
    65 :  0.0000000e+00  1.8500000e+00 
    66 :  0.0000000e+00  1.8000000e+00 
    67 :  0.0000000e+00  1.7500000e+00 
    68 :  0.0000000e+00  1.7000000e+00 
    69 :  0.0000000e+00  1.6500000e+00 
    70 :  0.0000000e+00  1.6000000e+00 
    71 :  0.0000000e+00  1.5500000e+00 
    72 :  0.0000000e+00  1.5000000e+00 
    73 :  0.0000000e+00  1.4500000e+00 
    74 :  0.0000000e+00  1.4000000e+00 
    75 :  0.0000000e+00  1.3500000e+00 
    76 :  0.0000000e+00  1.3000000e+00 
    77 :  0.0000000e+00  1.2500000e+00 
    78 :  0.0000000e+00  1.2000000e+00 
    79 :  0.0000000e+00  1.1500000e+00 
    80 :  0.0000000e+00  1.1000000e+00 
    81 :  0.0000000e+00  1.0500000e+00 
    82 :  9.5000000e-01  2.0000000e+00 
    83 :  9.0000000e-01  2.0000000e+00 
    84 :  8.5000000e-01  2.0000000e+00 
    85 :  8.0000000e-01  2.0000000e+00 
    86 :  7.5000000e-01  2.0000000e+00 
    87 :  7.0000000e-01  2.0000000e+00 
    88 :  6.5000000e-01  2.0000000e+00 
    89 :  6.0000000e-01  2.0000000e+00 
    90 :  5.5000000e-01  2.0000000e+00 
    91 :  5.0000000e-01  2.0000000e+00 
    92 :  4.5000000e-01  2.0000000e+00 
    93 :  4.0000000e-01  2.0000000e+00 
    94 :  3.5000000e-01  2.0000000e+00 
    95 :  3.0000000e-01  2.0000000e+00 
    96 :  2.5000000e-01  2.0000000e+00 
    97 :  2.0000000e-01  2.0000000e+00 
    98 :  1.5000000e-01  2.0000000e+00 
    99 :  1.0000000e-01  2.0000000e+00 
   100 :  5.0000000e-02  2.0000000e+00 
   101 :  1.0000000e+00  1.0500000e+00 
   102 :  1.0000000e+00  1.1000000e+00 
   103 :  1.0000000e+00  1.1500000e+00 
   104 :  1.0000000e+00  1.2000000e+00 
   105 :  1.0000000e+00  1.2500000e+00 
   106 :  1.0000000e+00  1.3000000e+00 
   107 :  1.0000000e+00  1.3500000e+00 
   108 :  1.0000000e+00  1.4000000e+00 
   109 :  1.0000000e+00  1.4500000e+00 
   110 :  1.0000000e+00  1.5000000e+00 
   111 :  1.0000000e+00  1.5500000e+00 
   112 :  1.0000000e+00  1.6000000e+00 
   113 :  1.0000000e+00  1.6500000e+00 
   114 :  1.0000000e+00  1.7000000e+00 
   115 :  1.0000000e+00  1.7500000e+00 
   116 :  1.0000000e+00  1.8000000e+00 
   117 :  1.0000000e+00  1.8500000e+00 
   118 :  1.0000000e+00  1.9000000e+00 
   119 :  1.0000000e+00  1.9500000e+00 
   120 :  4.2900536e-02  1.3743125e+00 
   121 :  9.5773461e-01  1.4767942e+00 
   122 :  4.8097848e-01  1.9562083e+00 
   123 :  7.7834732e-01  1.0101680e+00 
   124 :  4.3301106e-02  1.5750042e+00 
   125 :  2.2164561e-01  1.0101749e+00 
   126 :  9.5669918e-01  1.6750044e+00 
   127 :  6.7507577e-01  1.9601332e+00 
   128 :  2.7500000e-01  1.9566987e+00 
   129 :  9.5757524e-01  1.3236098e+00 
   130 :  2.8840023e-01  9.0546590e-01 
   131 :  7.0950275e-01  7.4984802e-01 
   132 :  7.0573923e-01  4.1073622e-01 
   133 :  7.0790154e-01  5.5902778e-01 
   134 :  7.0790154e-01  2.6736111e-01 
   135 :  2.9522719e-01  6.5641614e-01 
   136 :  7.1403937e-01  9.0569203e-01 
   137 :  2.9082808e-01  4.5674792e-01 
   138 :  2.9407732e-01  3.1560052e-01 
   139 :  4.2665301e-02  1.7238991e+00 
   140 :  4.0309515e-02  1.2214394e+00 
   141 :  4.7562188e-01  3.9561965e-02 
   142 :  9.6177122e-01  1.8245989e+00 
   143 :  9.5185524e-01  1.1723844e+00 
   144 :  2.9624603e-01  8.0235313e-01 
   145 :  2.9209846e-01  1.7013889e-01 
   146 :  8.2684635e-01  1.9485311e+00 
   147 :  5.7463409e-01  3.9544413e-02 
   148 :  5.0730124e-02  1.1257370e+00 
   149 :  1.7096835e-01  1.9500540e+00 
   150 :  5.7070146e-01  1.9536302e+00 
   151 :  7.1317751e-01  1.7035328e-01 
   152 :  2.9209846e-01  5.5902778e-01 
   153 :  3.7499716e-01  1.9566985e+00 
   154 :  7.0790154e-01  6.5625000e-01 
   155 :  4.2770626e-02  1.4756703e+00 
   156 :  4.1938604e-02  1.8273602e+00 
   157 :  9.5659193e-01  1.5751115e+00 
   158 :  8.9478658e-01  1.0325817e+00 
   159 :  3.6694526e-01  4.1316178e-02 
   160 :  1.0513466e-01  1.0324389e+00 
   161 :  6.7451387e-01  4.2749976e-02 
   162 :  9.5943434e-01  1.9275410e+00 
   163 :  4.2184572e-02  1.9230658e+00 
   164 :  7.2026402e-01  9.5526363e-01 
   165 :  6.7634508e-01  9.3903892e-01 
   166 :  6.8568186e-01  9.8713633e-01 
   167 :  6.3978717e-01  9.7132816e-01 
   168 :  6.4855798e-01  1.0184238e+00 
   169 :  6.0296965e-01  1.0033942e+00 
   170 :  6.1170646e-01  1.0504979e+00 
   171 :  5.6610039e-01  1.0355683e+00 
   172 :  5.7556336e-01  1.0836634e+00 
   173 :  6.2224071e-01  1.0996207e+00 
   174 :  5.8522738e-01  1.1320238e+00 
   175 :  6.3138042e-01  1.1493726e+00 
   176 :  5.9475107e-01  1.1805759e+00 
   177 :  5.4816771e-01  1.1644966e+00 
   178 :  5.5773694e-01  1.2128439e+00 
   179 :  5.1108567e-01  1.1968896e+00 
   180 :  5.2062278e-01  1.2452937e+00 
   181 :  5.6728108e-01  1.2611540e+00 
   182 :  5.3013507e-01  1.2937024e+00 
   183 :  4.8341222e-01  1.2777723e+00 
   184 :  4.9295888e-01  1.3262963e+00 
   185 :  5.3965752e-01  1.3422509e+00 
   186 :  5.0251348e-01  1.3748781e+00 
   187 :  5.4931014e-01  1.3908887e+00 
   188 :  5.1208331e-01  1.4235198e+00 
   189 :  5.5902549e-01  1.4395266e+00 
   190 :  5.2168791e-01  1.4721958e+00 
   191 :  5.6867842e-01  1.4882143e+00 
   192 :  5.3130843e-01  1.5208993e+00 
   193 :  5.7830638e-01  1.5369483e+00 
   194 :  4.8429487e-01  1.5048675e+00 
   195 :  4.5565380e-01  1.3588682e+00 
   196 :  4.9389423e-01  1.5535984e+00 
   197 :  4.4685996e-01  1.5375603e+00 
   198 :  4.5646260e-01  1.5863349e+00 
   199 :  4.0939312e-01  1.5702811e+00 
   200 :  5.9614154e-01  1.4068125e+00 
   201 :  5.9371629e-01  9.5533591e-01 
   202 :  4.1902364e-01  1.6191048e+00 
   203 :  4.6611901e-01  1.6351534e+00 
   204 :  3.7189360e-01  1.6030273e+00 
   205 :  3.6256231e-01  1.5542393e+00 
   206 :  3.8154058e-01  1.6518953e+00 
   207 :  3.3437458e-01  1.6358011e+00 
   208 :  3.4402960e-01  1.6847073e+00 
   209 :  2.9683504e-01  1.6685994e+00 
   210 :  3.0647647e-01  1.7175271e+00 
   211 :  3.5369365e-01  1.7336353e+00 
   212 :  5.0154411e-01  1.1485607e+00 
   213 :  2.8719459e-01  1.6196801e+00 
   214 :  2.4964182e-01  1.6524829e+00 
   215 :  2.4009659e-01  1.6036564e+00 
   216 :  6.1572334e-01  1.5042129e+00 
   217 :  6.2537473e-01  1.5529880e+00 
   218 :  6.6282028e-01  1.5202160e+00 
   219 :  6.7247908e-01  1.5690415e+00 
   220 :  6.3499803e-01  1.6018254e+00 
   221 :  6.8214629e-01  1.6178873e+00 
   222 :  6.4465009e-01  1.6506778e+00 
   223 :  6.9182275e-01  1.6667626e+00 
   224 :  6.5429695e-01  1.6995824e+00 
   225 :  7.0148747e-01  1.7156753e+00 
   226 :  7.0993572e-01  1.5362569e+00 
   227 :  7.3902469e-01  1.6828358e+00 
   228 :  7.4869910e-01  1.7317715e+00 
   229 :  6.6394719e-01  1.7485037e+00 
   230 :  7.0027089e-01  1.4874186e+00 
   231 :  6.4141286e-01  1.1965044e+00 
   232 :  6.7799382e-01  1.1654977e+00 
   233 :  6.8812767e-01  1.2124638e+00 
   234 :  7.2504520e-01  1.1805471e+00 
   235 :  7.3496507e-01  1.2282578e+00 
   236 :  4.6445835e-01  1.1809413e+00 
   237 :  4.5494590e-01  1.1326226e+00 
   238 :  4.1786304e-01  1.1650058e+00 
   239 :  4.0835437e-01  1.1167212e+00 
   240 :  3.7213902e-01  1.1489281e+00 
   241 :  6.1674639e-01  1.7324046e+00 
   242 :  3.8089293e-01  1.1973751e+00 
   243 :  3.3440670e-01  1.1816940e+00 
   244 :  3.4367973e-01  1.2299188e+00 
   245 :  2.9665350e-01  1.2147547e+00 
   246 :  3.0638279e-01  1.2625938e+00 
   247 :  2.5953728e-01  1.2466041e+00 
   248 :  2.6912879e-01  1.2950509e+00 
   249 :  7.4739569e-01  1.5034625e+00 
   250 :  7.3750583e-01  1.4546823e+00 
   251 :  2.5007451e-01  1.1978487e+00 
   252 :  6.6790557e-01  8.8904858e-01 
   253 :  2.2222638e-01  1.2790134e+00 
   254 :  2.3178030e-01  1.3276825e+00 
   255 :  2.7874091e-01  1.3437222e+00 
   256 :  2.4135706e-01  1.3764003e+00 
   257 :  3.1612617e-01  1.7664716e+00 
   258 :  2.6889811e-01  1.7503553e+00 
   259 :  3.6334995e-01  1.7825797e+00 
   260 :  2.0244055e-01  1.6363791e+00 
   261 :  7.7221477e-01  1.1953931e+00 
   262 :  7.8256355e-01  1.2420489e+00 
   263 :  7.4475579e-01  1.2763325e+00 
   264 :  7.9167274e-01  1.2921739e+00 
   265 :  2.8838110e-01  1.3924553e+00 
   266 :  2.5095069e-01  1.4251611e+00 
   267 :  6.2639008e-01  1.7813387e+00 
   268 :  5.7925884e-01  1.7652200e+00 
   269 :  6.7357813e-01  1.7974599e+00 
   270 :  1.9314736e-01  1.5876336e+00 
   271 :  3.6281352e-01  1.1006290e+00 
   272 :  3.9898151e-01  1.0684715e+00 
   273 :  7.8482136e-01  1.4707202e+00 
   274 :  7.9455392e-01  1.5195383e+00 
   275 :  2.0391466e-01  1.4091010e+00 
   276 :  7.8624677e-01  1.6989175e+00 
   277 :  7.9593206e-01  1.7478734e+00 
   278 :  4.0091779e-01  1.7497368e+00 
   279 :  4.0887878e-01  1.7967423e+00 
   280 :  2.7854996e-01  1.7993276e+00 
   281 :  2.3129734e-01  1.7831996e+00 
   282 :  4.3763224e-01  1.4887365e+00 
   283 :  8.2967778e-01  1.2575451e+00 
   284 :  1.8480296e-01  1.3116274e+00 
   285 :  3.5345319e-01  1.0536553e+00 
   286 :  3.9041573e-01  1.0215990e+00 
   287 :  1.7710286e-01  1.2650193e+00 
   288 :  3.1671808e-01  1.0882149e+00 
   289 :  5.8883740e-01  1.8141865e+00 
   290 :  2.4100161e-01  1.8320684e+00 
   291 :  1.9373805e-01  1.8159139e+00 
   292 :  1.8403130e-01  1.7670540e+00 
   293 :  7.1888250e-01  1.1284834e+00 
   294 :  8.3900787e-01  1.3080382e+00 
   295 :  4.3590687e-01  1.0363808e+00 
   296 :  4.2632655e-01  9.8838905e-01 
   297 :  7.7651424e-01  1.6500075e+00 
   298 :  8.2372700e-01  1.6662930e+00 
   299 :  5.9749229e-01  1.6346039e+00 
   300 :  3.5321606e-01  1.2784086e+00 
   301 :  7.5426632e-01  1.3251069e+00 
   302 :  7.0736153e-01  1.3092084e+00 
   303 :  2.1349455e-01  1.4579107e+00 
   304 :  4.4779728e-01  1.7654462e+00 
   305 :  4.5171320e-01  1.8204411e+00 
   306 :  2.9799470e-01  1.4412130e+00 
   307 :  3.3542186e-01  1.4085034e+00 
   308 :  1.3881316e-01  1.2938025e+00 
   309 :  1.5785489e-01  1.6197660e+00 
   310 :  3.7056049e-01  1.8285039e+00 
   311 :  1.6639112e-01  1.4418304e+00 
   312 :  8.3065838e-01  1.4869844e+00 
   313 :  8.2210094e-01  1.4379249e+00 
   314 :  8.4013605e-01  1.5359361e+00 
   315 :  1.4583244e-01  1.5702890e+00 
   316 :  3.8258775e-01  9.7546143e-01 
   317 :  4.1698433e-01  9.4058606e-01 
   318 :  4.6326177e-01  9.5613502e-01 
   319 :  4.5382343e-01  9.0811368e-01 
   320 :  4.0868725e-01  8.9190575e-01 
   321 :  4.4424923e-01  8.6009247e-01 
   322 :  4.9117247e-01  8.7574501e-01 
   323 :  4.8081892e-01  8.2797680e-01 
   324 :  4.3452119e-01  8.1229101e-01 
   325 :  4.7119829e-01  7.8019997e-01 
   326 :  5.1764173e-01  7.9584668e-01 
   327 :  5.0779987e-01  7.4811888e-01 
   328 :  4.6171813e-01  7.3243194e-01 
   329 :  4.9833195e-01  7.0037015e-01 
   330 :  4.5345729e-01  6.8604924e-01 
   331 :  4.8907113e-01  6.5286609e-01 
   332 :  4.4630679e-01  6.3841204e-01 
   333 :  4.8003928e-01  6.0520348e-01 
   334 :  5.2560261e-01  6.2067892e-01 
   335 :  5.1601827e-01  5.7288629e-01 
   336 :  4.7008414e-01  5.5726289e-01 
   337 :  5.0658719e-01  5.2519358e-01 
   338 :  4.6055865e-01  5.0952481e-01 
   339 :  4.9712377e-01  4.7748825e-01 
   340 :  4.5109803e-01  4.6182096e-01 
   341 :  4.8768194e-01  4.2979221e-01 
   342 :  5.4315084e-01  4.9315406e-01 
   343 :  4.4165126e-01  4.1412325e-01 
   344 :  4.7823612e-01  3.8208391e-01 
   345 :  5.2428246e-01  3.9775742e-01 
   346 :  5.1483177e-01  3.5004019e-01 
   347 :  4.6875425e-01  3.3434871e-01 
   348 :  5.0544974e-01  3.0227435e-01 
   349 :  4.5920673e-01  2.8653572e-01 
   350 :  4.9605073e-01  2.5438861e-01 
   351 :  4.4966086e-01  2.3861002e-01 
   352 :  5.4457125e-01  7.1593240e-01 
   353 :  4.8654032e-01  2.0638396e-01 
   354 :  5.3294199e-01  2.2220499e-01 
   355 :  5.6089152e-01  3.6572661e-01 
   356 :  4.4014636e-01  1.9058538e-01 
   357 :  4.1803570e-01  7.1950536e-01 
   358 :  5.6208014e-01  5.8857114e-01 
   359 :  5.2320624e-01  1.7336540e-01 
   360 :  5.6895851e-01  1.8883707e-01 
   361 :  5.7909841e-01  2.3780800e-01 
   362 :  4.0327767e-01  2.2285150e-01 
   363 :  4.2491121e-01  5.3985595e-01 
   364 :  4.2262126e-01  3.1870498e-01 
   365 :  3.9373395e-01  1.7483224e-01 
   366 :  4.0506739e-01  4.4615175e-01 
   367 :  4.3060529e-01  1.4243072e-01 
   368 :  2.8014037e-01  9.5523377e-01 
   369 :  1.4845922e-01  1.7994969e+00 
   370 :  1.6000783e-01  1.8466826e+00 
   371 :  4.9200406e-01  1.1002043e+00 
   372 :  6.9019294e-01  1.4386220e+00 
   373 :  5.6960129e-01  1.7162744e+00 
   374 :  2.7803933e-01  1.5710073e+00 
   375 :  5.7150853e-01  6.3626006e-01 
   376 :  6.0809853e-01  6.0422657e-01 
   377 :  5.9797792e-01  5.5849456e-01 
   378 :  5.6985629e-01  4.1290391e-01 
   379 :  6.0794234e-01  3.8246921e-01 
   380 :  6.1508469e-01  4.3135094e-01 
   381 :  8.7525721e-01  1.2752385e+00 
   382 :  8.6621217e-01  1.2270664e+00 
   383 :  2.8835878e-01  1.8484572e+00 
   384 :  7.5836563e-01  1.7807325e+00 
   385 :  8.0562078e-01  1.7968499e+00 
   386 :  7.6803840e-01  1.8297249e+00 
   387 :  8.4319326e-01  1.7639683e+00 
   388 :  8.1530780e-01  1.8458460e+00 
   389 :  3.9561760e-01  3.9846257e-01 
   390 :  6.9866057e-01  1.0402755e+00 
   391 :  1.6610083e-01  1.6689470e+00 
   392 :  1.1845934e-01  1.6486825e+00 
   393 :  1.4084911e-01  1.3427871e+00 
   394 :  5.9770516e-01  3.3388481e-01 
   395 :  6.4484875e-01  3.5071469e-01 
   396 :  6.5107223e-01  1.2446902e+00 
   397 :  7.7824644e-01  1.8771443e+00 
   398 :  7.3052225e-01  1.8623432e+00 
   399 :  6.1744276e-01  6.5406025e-01 
   400 :  1.3684016e-01  1.7521502e+00 
   401 :  3.4504225e-01  1.4572576e+00 
   402 :  3.8219423e-01  1.4242957e+00 
   403 :  3.7255276e-01  1.3756064e+00 
   404 :  6.1607066e-01  2.0555639e-01 
   405 :  6.0575457e-01  1.5648542e-01 
   406 :  8.2224216e-01  1.0403991e+00 
   407 :  7.8064658e-01  1.0601048e+00 
   408 :  8.1975367e-01  1.0870559e+00 
   409 :  1.7776825e-01  1.0403834e+00 
   410 :  2.1935759e-01  1.0601112e+00 
   411 :  1.8020954e-01  1.0869333e+00 
   412 :  2.2022177e-01  1.1079990e+00 
   413 :  1.8251803e-01  1.1345390e+00 
   414 :  1.4013070e-01  1.1132875e+00 
   415 :  1.4304939e-01  1.1606046e+00 
   416 :  1.2909480e-01  1.2452906e+00 
   417 :  8.7471743e-01  1.4592879e+00 
   418 :  8.6063874e-01  1.4059601e+00 
   419 :  6.3362401e-01  3.0218176e-01 
   420 :  2.8860955e-01  7.0260423e-02 
   421 :  3.0250719e-01  1.0378584e+00 
   422 :  3.8367764e-01  1.2787643e-01 
   423 :  9.1277431e-01  1.2480771e+00 
   424 :  8.1238114e-01  1.3892580e+00 
   425 :  4.3839086e-01  1.7168294e+00 
   426 :  3.0712637e-01  1.4896776e+00 
   427 :  1.7428072e-01  1.4907347e+00 
   428 :  8.0398052e-01  1.5684411e+00 
   429 :  8.5179107e-01  1.5852506e+00 
   430 :  1.2650914e-01  1.4727523e+00 
   431 :  1.2111444e-01  1.4238537e+00 
   432 :  4.8541859e-01  1.7328175e+00 
   433 :  5.4175168e-01  1.7980240e+00 
   434 :  5.5137231e-01  1.8470296e+00 
   435 :  5.9850345e-01  1.8631699e+00 
   436 :  7.1693065e-01  1.3579408e+00 
   437 :  6.6999627e-01  1.3418589e+00 
   438 :  2.2292543e-01  1.5067039e+00 
   439 :  9.0934506e-01  1.4192521e+00 
   440 :  2.4681514e-01  1.8797738e+00 
   441 :  7.4009003e-01  1.9116219e+00 
   442 :  9.0750728e-02  1.2794288e+00 
   443 :  3.5875542e-01  2.0754605e-01 
   444 :  3.6713521e-01  2.5529546e-01 
   445 :  9.5395377e-01  1.0708609e+00 
   446 :  8.9547935e-01  1.3725650e+00 
   447 :  4.2104723e-01  9.4101329e-02 
   448 :  4.6779499e-01  1.0996590e-01 
   449 :  3.5979746e-01  4.2824688e-01 
   450 :  3.6848584e-01  4.7818015e-01 
   451 :  3.4971284e-01  3.8242431e-01 
   452 :  8.8373396e-01  1.5460408e+00 
   453 :  9.0779987e-01  1.5955718e+00 
   454 :  3.2605712e-01  2.3805382e-01 
   455 :  9.9119940e-02  1.7837796e+00 
   456 :  1.9123047e-01  1.1873994e+00 
   457 :  6.5413320e-01  6.1989132e-01 
   458 :  6.9167351e-01  1.8921186e+00 
   459 :  2.9592243e-01  1.9062135e+00 
   460 :  7.7482086e-01  1.1074065e+00 
   461 :  8.1579547e-01  1.1337746e+00 
   462 :  8.6014588e-01  1.1133531e+00 
   463 :  8.5275992e-01  1.1681534e+00 
   464 :  9.0342441e-01  1.1441524e+00 
   465 :  3.2147436e-01  9.3850008e-01 
   466 :  3.3274919e-01  8.9141565e-01 
   467 :  8.2499254e-01  1.8948582e+00 
   468 :  8.6260635e-01  1.8619615e+00 
   469 :  8.6966076e-01  1.9104149e+00 
   470 :  9.0677944e-01  1.8751369e+00 
   471 :  5.6114824e-01  1.8973936e+00 
   472 :  5.1744244e-01  1.8813517e+00 
   473 :  1.0002942e-01  1.1381713e+00 
   474 :  1.0259814e-01  1.1877519e+00 
   475 :  9.3525391e-02  1.0964452e+00 
   476 :  7.0792829e-01  8.5657918e-01 
   477 :  6.6054797e-01  8.4032509e-01 
   478 :  6.2156689e-01  8.7407739e-01 
   479 :  6.1168946e-01  8.2615008e-01 
   480 :  5.7494312e-01  8.5876043e-01 
   481 :  6.4731462e-01  7.9365699e-01 
   482 :  6.0105295e-01  7.7870549e-01 
   483 :  6.3406041e-01  7.4807397e-01 
   484 :  6.7672693e-01  3.1212110e-01 
   485 :  4.5462979e-02  1.0714991e+00 
   486 :  8.9603410e-01  1.8302132e+00 
   487 :  6.0848764e-01  1.9122515e+00 
   488 :  7.3423270e-01  1.0778052e+00 
   489 :  6.9439486e-01  1.0865889e+00 
   490 :  9.0734829e-01  1.0968430e+00 
   491 :  5.2507714e-01  1.9326615e+00 
   492 :  9.4456627e-01  1.3881220e+00 
   493 :  6.5182293e-01  1.7383355e-01 
   494 :  6.4124407e-01  1.2569925e-01 
   495 :  5.9732194e-01  1.0953342e-01 
   496 :  6.6402174e-01  2.2400370e-01 
   497 :  9.0358490e-01  1.1942369e+00 
   498 :  9.5161674e-01  1.1231239e+00 
   499 :  2.6432053e-01  1.0843387e+00 
   500 :  2.8944266e-01  1.1209477e+00 
   501 :  8.1724412e-01  1.2098613e+00 
   502 :  3.1654355e-01  4.1575945e-01 
   503 :  2.9675810e-01  3.7017689e-01 
   504 :  3.3908645e-01  3.3502321e-01 
   505 :  6.3489312e-01  7.7826729e-02 
   506 :  6.8846404e-01  3.5969139e-01 
   507 :  6.5353472e-01  3.9798467e-01 
   508 :  6.5935968e-01  4.5075859e-01 
   509 :  6.2191083e-01  4.8112761e-01 
   510 :  6.6156796e-01  5.0019340e-01 
   511 :  3.7840512e-02  1.1743976e+00 
   512 :  6.7490120e-01  9.6761365e-02 
   513 :  3.1073497e-01  9.8559232e-01 
   514 :  2.6760793e-01  1.0028501e+00 
   515 :  7.6427569e-01  1.3736579e+00 
   516 :  5.8457512e-01  9.0654210e-01 
   517 :  5.3808358e-01  8.9119778e-01 
   518 :  7.0724488e-01  4.6218468e-01 
   519 :  4.1987928e-01  4.7928217e-02 
   520 :  3.6813066e-01  9.2583227e-01 
   521 :  5.2505450e-01  4.0277377e-02 
   522 :  5.5195994e-01  8.4145768e-02 
   523 :  5.5872926e-01  1.3732276e-01 
   524 :  5.2940129e-01  1.0680273e+00 
   525 :  5.1960729e-01  1.0199012e+00 
   526 :  5.4219998e-01  2.7013948e-01 
   527 :  4.1309782e-01  2.7088351e-01 
   528 :  4.4546864e-01  1.0843451e+00 
   529 :  4.8236470e-01  1.0520371e+00 
   530 :  9.5753526e-01  1.2730924e+00 
   531 :  3.2571457e-01  1.3597306e+00 
   532 :  3.6279419e-01  1.3269313e+00 
   533 :  5.2811192e-01  8.4344173e-01 
   534 :  5.0121437e-01  9.2374113e-01 
   535 :  5.0986704e-01  9.7185917e-01 
   536 :  6.5308861e-01  1.4714319e+00 
   537 :  5.5667774e-01  9.8751223e-01 
   538 :  4.7587898e-01  1.6840213e+00 
   539 :  5.9070314e-01  7.3119693e-01 
   540 :  5.5445222e-01  7.6351315e-01 
   541 :  3.9960407e-01  8.4403645e-01 
   542 :  3.8934952e-01  7.9728952e-01 
   543 :  3.4815444e-01  8.3428522e-01 
   544 :  3.4333892e-01  7.7928117e-01 
   545 :  2.9831713e-01  7.5409841e-01 
   546 :  3.4272252e-01  7.3074048e-01 
   547 :  2.9425831e-01  8.5581813e-01 
   548 :  3.0127923e-01  7.0493477e-01 
   549 :  3.4009104e-01  6.8054735e-01 
   550 :  3.3765557e-01  6.2915887e-01 
   551 :  3.7844317e-01  6.5196633e-01 
   552 :  3.7676777e-01  6.0109242e-01 
   553 :  2.9287702e-01  6.0664921e-01 
   554 :  6.4301661e-01  1.4227062e+00 
   555 :  6.4068975e-01  5.7256171e-01 
   556 :  4.2630394e-01  7.6585407e-01 
   557 :  3.9120531e-01  1.7007910e+00 
   558 :  5.4735569e-01  9.3936472e-01 
   559 :  6.3064935e-01  9.2256184e-01 
   560 :  5.5229605e-01  5.4179060e-01 
   561 :  4.2830554e-01  5.8940827e-01 
   562 :  4.3301270e-02  1.8750000e+00 
   563 :  8.5815472e-02  1.9007162e+00 
   564 :  8.1357371e-02  1.9540980e+00 
   565 :  1.2605417e-01  1.9235640e+00 
   566 :  8.3890309e-02  1.8534352e+00 
   567 :  4.2783401e-02  1.4250113e+00 
   568 :  2.2432806e-01  1.9572065e+00 
   569 :  2.1043511e-01  1.9105317e+00 
   570 :  9.5919562e-01  1.5253176e+00 
   571 :  9.1329664e-01  1.5022069e+00 
   572 :  4.1582982e-02  1.6250007e+00 
   573 :  8.1636090e-02  1.6082864e+00 
   574 :  9.3286790e-02  1.5576642e+00 
   575 :  4.4257423e-02  1.5263450e+00 
   576 :  4.1190984e-02  1.6748166e+00 
   577 :  8.3503263e-02  1.6930757e+00 
   578 :  9.5669938e-01  1.7249954e+00 
   579 :  9.1349180e-01  1.7004009e+00 
   580 :  9.1949665e-01  1.7519840e+00 
   581 :  9.1250773e-01  1.6510216e+00 
   582 :  9.6058741e-01  1.7750938e+00 
   583 :  9.5559979e-01  1.6244516e+00 
   584 :  8.6376547e-01  1.6352815e+00 
   585 :  7.0861463e-01  7.0352471e-01 
   586 :  6.6372705e-01  6.7582943e-01 
   587 :  7.0159563e-01  6.0763889e-01 
   588 :  5.2414676e-02  1.3206284e+00 
   589 :  8.8735825e-02  1.3520659e+00 
   590 :  6.9947361e-01  8.0117287e-01 
   591 :  3.2431993e-01  1.9555014e+00 
   592 :  3.5000000e-01  1.9133975e+00 
   593 :  4.0066852e-01  1.9142059e+00 
   594 :  4.2499034e-01  1.9566932e+00 
   595 :  4.4889962e-01  1.9123205e+00 
   596 :  4.2684230e-01  1.8700557e+00 
   597 :  7.7209520e-01  1.9560704e+00 
   598 :  2.9066008e-01  5.0957373e-01 
   599 :  3.4018335e-01  5.2888069e-01 
   600 :  4.9277031e-02  1.7775136e+00 
   601 :  4.1502645e-01  4.9349690e-01 
   602 :  6.8304503e-01  1.8458454e+00 
   603 :  2.2165306e-01  1.7342115e+00 
   604 :  5.3499174e-01  6.6830649e-01 
   605 :  2.1274282e-01  1.2303931e+00 
   606 :  6.0712749e-01  1.6834867e+00 
   607 :  5.3316832e-01  4.4483980e-01 
   608 :  6.6055346e-01  1.2932045e+00 
   609 :  6.2321409e-01  1.3257756e+00 
   610 :  4.7494339e-01  1.4561157e+00 
   611 :  5.6007521e-01  1.6673336e+00 
   612 :  5.5047184e-01  1.6184566e+00 
   613 :  7.2930015e-01  1.6339468e+00 
   614 :  4.7395551e-01  1.2293253e+00 
   615 :  4.3667056e-01  1.2617497e+00 
   616 :  4.4627803e-01  1.3102691e+00 
   617 :  4.3217341e-01  3.6642160e-01 
   618 :  5.8788444e-01  1.5857562e+00 
   619 :  8.5184503e-01  1.8142107e+00 
   620 :  4.0028499e-01  1.5214058e+00 
   621 :  3.2494637e-01  1.5870520e+00 
   622 :  7.1115027e-01  1.7646219e+00 
   623 :  8.3189646e-01  1.7143829e+00 
   624 :  2.5926555e-01  1.7014082e+00 
   625 :  3.2553808e-01  1.8151199e+00 
   626 :  4.6532124e-01  1.4074681e+00 
   627 :  3.3628311e-01  1.8653797e+00 
   628 :  7.1959253e-01  1.5850931e+00 
   629 :  7.5702646e-01  1.5523145e+00 
   630 :  4.2869306e-01  1.6679659e+00 
   631 :  6.0600118e-01  1.4555168e+00 
   632 :  3.1599622e-01  1.3110729e+00 
   633 :  7.2078328e-01  1.8134546e+00 
   634 :  2.6035394e-01  1.4737705e+00 
   635 :  1.9326893e-01  1.3601105e+00 
   636 :  2.1225980e-01  1.6852603e+00 
   637 :  3.8615994e-01  3.5080620e-01 
   638 :  3.3974177e-01  1.5812709e-01 
   639 :  3.4269940e-01  1.1408997e-01 
   640 :  6.0438320e-01  1.2287547e+00 
   641 :  4.2734134e-01  1.2133437e+00 
   642 :  5.3865132e-01  1.1161627e+00 
   643 :  7.3236839e-01  1.0028231e+00 
   644 :  5.4089959e-01  1.5696246e+00 
   645 :  6.2433850e-01  2.5452416e-01 
   646 :  6.3600135e-01  1.8302197e+00 
   647 :  1.7551165e-01  1.7181110e+00 
   648 :  6.9787532e-01  1.2605990e+00 
   649 :  8.6672433e-01  1.0661827e+00 
   650 :  5.5151601e-01  3.1803234e-01 
   651 :  6.4460494e-01  1.8775934e+00 
   652 :  7.6673074e-01  1.6011705e+00 
   653 :  5.0348381e-01  1.6023832e+00 
   654 :  1.5755857e-01  1.3921193e+00 
   655 :  5.6479346e-01  8.1117193e-01 
   656 :  8.1441817e-01  1.6177407e+00 
   657 :  4.7700956e-01  1.5631467e-01 
   658 :  4.7288904e-01  1.0041171e+00 
   659 :  7.0815217e-01  5.1371395e-01 
   660 :  1.3342137e-01  1.5224401e+00 
   661 :  5.8054929e-01  6.8424021e-01 
   662 :  3.7653767e-01  3.0309022e-01 
   663 :  1.3333299e-01  1.0661001e+00 
   664 :  5.1314257e-01  1.6512273e+00 
   665 :  3.9024590e-01  1.2457790e+00 
   666 :  6.1387667e-01  1.2771676e+00 
   667 :  7.7477348e-01  1.4220508e+00 
   668 :  2.2602248e-01  1.1557162e+00 
   669 :  5.8808035e-01  2.8609509e-01 
   670 :  5.7672204e-01  1.3097306e+00 
   671 :  8.0192591e-01  1.3408029e+00 
   672 :  3.9978917e-01  1.2943044e+00 
   673 :  5.2279415e-01  1.7000666e+00 
   674 :  8.4995173e-01  1.3565827e+00 
   675 :  5.3235110e-01  1.7489978e+00 
   676 :  8.7345291e-02  1.5015245e+00 
   677 :  4.9393370e-01  1.7827581e+00 
   678 :  8.8294784e-01  1.3243123e+00 
   679 :  5.8624094e-01  1.3582876e+00 
   680 :  5.0452749e-01  1.8314291e+00 
   681 :  6.3300418e-01  1.3741548e+00 
   682 :  3.3208924e-01  2.8644660e-01 
   683 :  3.1576804e-01  1.5384203e+00 
   684 :  9.3528604e-01  1.0327663e+00 
   685 :  4.0948800e-01  1.3427384e+00 
   686 :  2.0361965e-01  1.8642912e+00 
   687 :  6.7992704e-01  1.3900187e+00 
   688 :  2.3128500e-01  1.5550736e+00 
   689 :  4.1906491e-01  1.3913882e+00 
   690 :  1.8348205e-01  1.5388125e+00 
   691 :  7.2714654e-01  1.4060598e+00 
   692 :  4.2858083e-01  1.4399818e+00 
   693 :  2.6935889e-01  1.5223035e+00 
   694 :  3.9134660e-01  1.4724560e+00 
   695 :  4.4260734e-02  1.2691557e+00 
   696 :  3.5379975e-01  1.5053731e+00 
   697 :  2.9862561e-01  1.1897032e-01 
   698 :  6.2500000e-01  1.9580416e+00 
   699 :  7.2500000e-01  1.9580586e+00 
   700 :  9.5838061e-01  1.2250000e+00 
   701 :  9.5557945e-01  1.8764307e+00 
   702 :  7.1072177e-01  2.1633557e-01 
   703 :  3.8789808e-01  5.2084466e-01 
   704 :  8.7873091e-01  1.9568222e+00 
   705 :  3.1975212e-01  3.7339467e-02 
   706 :  9.2730594e-01  1.9610811e+00 
   707 :  6.2553124e-01  7.0169170e-01 
   708 :  6.4513830e-02  1.0328221e+00 
   709 :  5.1312849e-01  1.2287908e-01 
   710 :  7.6591297e-01  1.1519699e+00 
   711 :  5.8744814e-01  5.1086534e-01 
   712 :  3.3841095e-01  5.8143643e-01 
   713 :  4.7264070e-01  1.8690181e+00 
   714 :  5.7843652e-01  4.6237361e-01 
   715 :  1.4855800e-01  1.2015703e+00 
   716 :  8.3697320e-02  1.3983668e+00 
   717 :  2.8243384e-01  1.1618501e+00 
   718 :  2.9007612e-01  2.6447968e-01 
   719 :  1.3218473e-01  1.7010429e+00 
   720 :  8.7027050e-01  1.6822492e+00 
   721 :  8.4036702e-02  1.4495298e+00 
   722 :  3.2899252e-01  1.1325602e+00 
   723 :  7.1209319e-01  1.2154587e-01 
   724 :  9.5854466e-01  1.4308180e+00 
   725 :  8.4481770e-02  1.2309753e+00 
   726 :  3.8289423e-01  7.5130856e-01 
   727 :  8.8539347e-01  1.7809126e+00 
   728 :  6.6132255e-01  2.7203837e-01 
   729 :  8.7729036e-01  1.7323163e+00 
   730 :  1.2394891e-01  1.8739263e+00 
   731 :  3.8239813e-01  1.8712510e+00 
   732 :  6.5434313e-01  1.0619731e+00 
   733 :  9.1793323e-01  1.2976521e+00 
   734 :  3.2683700e-01  4.8611111e-01 
   735 :  8.8367097e-02  1.7399534e+00 
   736 :  6.2420887e-01  3.6051456e-02 
   737 :  2.8825733e-01  2.1476113e-01 
   738 :  3.7691316e-01  8.3738743e-02 
   739 :  6.5540054e-01  1.9218831e+00 
   740 :  3.4801842e-01  1.0094740e+00 
   741 :  8.6850849e-01  1.5060912e+00 
   742 :  7.1240693e-01  6.8563272e-02 
   743 :  6.3029887e-01  5.2721452e-01 
   744 :  6.6874295e-01  7.2376699e-01 
   745 :  3.7016639e-01  8.7469739e-01 
   746 :  6.6603340e-01  1.1220253e+00 
   747 :  2.5035725e-01  1.9223718e+00 
   748 :  2.5510359e-01  1.0401540e+00 
   749 :  1.2567598e-01  1.9655432e+00 
   750 :  7.4485221e-01  1.0397297e+00 
   751 :  4.9787504e-01  7.8591655e-02 
   752 :  6.7174881e-01  5.4110534e-01 
   753 :  7.8952220e-01  1.9179221e+00 
   754 :  7.4755013e-02  1.6499859e+00 
   755 :  1.1879736e-01  1.3798942e+00 
   756 :  1.6583900e-01  1.8948416e+00 
   757 :  4.9052978e-01  1.9132121e+00 
   758 :  3.8274615e-01  5.6025307e-01 
   759 :  4.1346618e-01  6.7557445e-01 
   760 :  9.1624847e-01  1.9179045e+00 
   761 :  9.2092448e-01  1.4587063e+00 
   762 :  7.1778883e-01  3.1936236e-01 
   763 :  3.7927547e-01  7.0160709e-01 
   764 :  1.1564213e-01  1.8285803e+00 
   765 :  8.6173670e-01  1.0317138e+00 
   766 :  1.3827214e-01  1.0317189e+00 
   767 :  6.7181887e-01  7.6330377e-01 
   768 :  9.2555061e-01  1.8010703e+00 
   769 :  8.0342861e-01  1.1710107e+00 
   770 :  9.2736286e-01  1.3442856e+00 
   771 :  3.6602540e-02  1.9633975e+00 
   772 :  9.6339746e-01  1.9633975e+00 
   773 :  1.0297501e-01  1.3171469e+00 
   774 :  6.7919212e-01  1.4686567e-01 
   775 :  3.2145208e-01  1.9398206e-01 
   776 :  2.8572780e-01  3.5339862e-02 
   777 :  4.0879737e-01  6.2812808e-01 
   778 :  9.2507392e-01  1.5491784e+00 
   779 :  4.5369046e-01  7.4719837e-02 
   780 :  3.3093335e-01  4.5188825e-01 
   781 :  9.6951463e-01  1.0307254e+00 
   782 :  3.0328695e-02  1.0308642e+00 
   783 :  5.9692363e-01  7.0306084e-02 
   784 :  4.1003436e-01  1.8359636e+00 
   785 :  2.7887131e-01  4.1351087e-01 
   786 :  8.6812257e-02  1.0603293e+00 
   787 :  1.2060393e-01  1.6009616e+00 
   788 :  5.2517929e-01  1.9706908e+00 
   789 :  7.7973602e-02  1.8141338e+00 
   790 :  9.1409174e-01  1.0607092e+00 
   791 :  2.5477904e-01  1.1272172e+00 
   792 :  3.4426532e-01  9.6825956e-01 
   793 :  6.7721111e-01  5.8003816e-01 
   794 :  1.7549708e-01  1.2265786e+00 
   795 :  6.9986666e-01  1.9304076e+00 
   796 :  7.5278862e-01  9.7388782e-01 
   797 :  2.4721223e-01  9.7389423e-01 
   798 :  7.1808509e-01  3.1307951e-02 
   799 :  7.2472782e-01  3.6458333e-01 
   800 :  6.6419226e-02  1.1929237e+00 
   801 :  3.2906226e-01  7.7302135e-02 
   802 :  7.0192829e-02  1.1598701e+00 
   803 :  9.6567520e-01  1.3594523e+00 
   804 :  9.2978059e-01  1.8467685e+00 
   805 :  6.8191381e-01  1.9300069e-01 
Number of edges 120 
     0 :      0     10 
     1 :     10     11 
     2 :     11      1 
     3 :      1     12 
     4 :     12     13 
     5 :     13     14 
     6 :     14      2 
     7 :      2     15 
     8 :     15     16 
     9 :     16     17 
    10 :     17     18 
    11 :     18     19 
    12 :     19     20 
    13 :     20     21 
    14 :     21     22 
    15 :     22     23 
    16 :     23     24 
    17 :     24     25 
    18 :     25     26 
    19 :     26     27 
    20 :     27     28 
    21 :     28     29 
    22 :     29     30 
    23 :     30     31 
    24 :     31      3 
    25 :      4     32 
    26 :     32     33 
    27 :     33     34 
    28 :     34     35 
    29 :     35     36 
    30 :     36     37 
    31 :     37     38 
    32 :     38     39 
    33 :     39     40 
    34 :     40      3 
    35 :      4     41 
    36 :     41     42 
    37 :     42     43 
    38 :     43     44 
    39 :     44     45 
    40 :     45     46 
    41 :     46     47 
    42 :     47     48 
    43 :     48     49 
    44 :     49     50 
    45 :     50     51 
    46 :     51     52 
    47 :     52     53 
    48 :     53     54 
    49 :     54     55 
    50 :     55     56 
    51 :     56     57 
    52 :     57      5 
    53 :      5     58 
    54 :     58     59 
    55 :     59     60 
    56 :     60      6 
    57 :      6     61 
    58 :     61     62 
    59 :     62      7 
    60 :      8     63 
    61 :     63     64 
    62 :     64     65 
    63 :     65     66 
    64 :     66     67 
    65 :     67     68 
    66 :     68     69 
    67 :     69     70 
    68 :     70     71 
    69 :     71     72 
    70 :     72     73 
    71 :     73     74 
    72 :     74     75 
    73 :     75     76 
    74 :     76     77 
    75 :     77     78 
    76 :     78     79 
    77 :     79     80 
    78 :     80     81 
    79 :     81      7 
    80 :      9     82 
    81 :     82     83 
    82 :     83     84 
    83 :     84     85 
    84 :     85     86 
    85 :     86     87 
    86 :     87     88 
    87 :     88     89 
    88 :     89     90 
    89 :     90     91 
    90 :     91     92 
    91 :     92     93 
    92 :     93     94 
    93 :     94     95 
    94 :     95     96 
    95 :     96     97 
    96 :     97     98 
    97 :     98     99 
    98 :     99    100 
    99 :    100      8 
   100 :      0    101 
   101 :    101    102 
   102 :    102    103 
   103 :    103    104 
   104 :    104    105 
   105 :    105    106 
   106 :    106    107 
   107 :    107    108 
   108 :    108    109 
   109 :    109    110 
   110 :    110    111 
   111 :    111    112 
   112 :    112    113 
   113 :    113    114 
   114 :    114    115 
   115 :    115    116 
   116 :    116    117 
   117 :    117    118 
   118 :    118    119 
   119 :    119      9 
Number of triangles 1490 
     0 :    154    586    457
     1 :    145    697    638
     2 :    148    475    473
     3 :    143    497    464
     4 :    459    591    128
     5 :    481    590    477
     6 :    565    756    149
     7 :    467    469    146
     8 :    463    497    382
     9 :    638    697    639
    10 :     57    547      5
    11 :      5    547    130
    12 :    148    485    475
    13 :    447    738    519
    14 :    149    756    569
    15 :    599    758    712
    16 :    157    583    453
    17 :    519    738    159
    18 :    293    488    460
    19 :    144    544    543
    20 :    464    498    143
    21 :    251    605    456
    22 :    382    501    463
    23 :    450    703    599
    24 :    599    734    450
    25 :    466    547    543
    26 :     54    548     55
    27 :    135    550    549
    28 :    543    547    144
    29 :    442    773    588
    30 :    460    710    293
    31 :    543    745    466
    32 :    456    668    251
    33 :    457    587    154
    34 :    473    802    148
    35 :    262    501    283
    36 :    459    592    591
    37 :    400    735    719
    38 :    457    586    399
    39 :    488    489    390
    40 :    477    590    476
    41 :     47    503     48
    42 :    143    700    497
    43 :    496    702    134
    44 :    588    695    442
    45 :    134    728    496
    46 :     55    548    545
    47 :    469    704    146
    48 :    135    549    548
    49 :    288    499    421
    50 :    315    787    574
    51 :    132    508    507
    52 :    445    498    490
    53 :    732    746    173
    54 :    132    518    508
    55 :    703    758    599
    56 :    150    491    471
    57 :    471    487    150
    58 :    474    715    416
    59 :    695    725    442
    60 :    719    735    577
    61 :    489    746    732
    62 :    416    725    474
    63 :    723    742     30
    64 :    657    709    359
    65 :    252    476    136
    66 :    508    518    510
    67 :    518    659    510
    68 :    395    507    379
    69 :    140    725    695
    70 :    305    713    596
    71 :    453    583    581
    72 :    453    778    157
    73 :    138    503     47
    74 :    144    547     57
    75 :    130    547    466
    76 :    596    784    305
    77 :    128    747    459
    78 :    497    700    423
    79 :     55    545     56
    80 :    100    564     99
    81 :    499    748    421
    82 :    574    660    315
    83 :    103    498    102
    84 :    571    741    417
    85 :    162    760    701
    86 :    417    761    571
    87 :    135    548     54
    88 :    427    690    660
    89 :    390    750    488
    90 :    387    729    727
    91 :    261    501    262
    92 :    701    760    470
    93 :    283    501    382
    94 :    481    767    590
    95 :    252    477    476
    96 :     45    737    718
    97 :    360    523    405
    98 :    551    763    549
    99 :    759    763    551
   100 :    668    717    251
   101 :    512    742    723
   102 :    668    791    717
   103 :    464    497    463
   104 :    574    787    573
   105 :    102    498    445
   106 :    712    758    552
   107 :    663    786    160
   108 :    146    753    467
   109 :    490    498    464
   110 :     19    587     20
   111 :    717    722    243
   112 :    569    686    440
   113 :     81    485     80
   114 :    471    491    472
   115 :     80    485    148
   116 :    100    771    564
   117 :    588    773    589
   118 :    158    790    649
   119 :    379    507    380
   120 :    359    709    523
   121 :    392    754    573
   122 :     56    545    144
   123 :    475    786    663
   124 :    506    507    395
   125 :    143    498    103
   126 :    573    787    392
   127 :    716    721    567
   128 :    589    773    393
   129 :    584    656    429
   130 :    727    729    580
   131 :    461    710    460
   132 :    136    476      2
   133 :    393    755    589
   134 :    579    720    581
   135 :    144    545    544
   136 :    660    690    315
   137 :    718    737    454
   138 :      1    765     12
   139 :     60    766      6
   140 :    427    660    430
   141 :    293    489    488
   142 :    342    714    711
   143 :    440    747    569
   144 :    359    523    360
   145 :    405    523    495
   146 :    649    790    490
   147 :    509    743    711
   148 :    503    785     48
   149 :     52    553     53
   150 :    138    504    503
   151 :    597    699    441
   152 :    552    758    561
   153 :    288    500    499
   154 :     20    587    133
   155 :    154    587     19
   156 :    586    707    399
   157 :    500    722    717
   158 :    550    551    549
   159 :    484    728    134
   160 :    581    720    584
   161 :    448    709    657
   162 :    490    790    445
   163 :    561    777    552
   164 :    134    762    484
   165 :    298    656    584
   166 :    510    743    509
   167 :    501    769    463
   168 :     12    765    406
   169 :    453    584    429
   170 :    409    766     60
   171 :    487    698    150
   172 :    484    762    506
   173 :    461    769    710
   174 :    459    627    592
   175 :    713    757    595
   176 :    135    553    550
   177 :    738    801    159
   178 :    550    712    552
   179 :    759    777    332
   180 :    475    663    414
   181 :    463    769    461
   182 :    431    721    716
   183 :    132    507    506
   184 :    462    649    490
   185 :    161    512    505
   186 :     53    553    135
   187 :    152    553     52
   188 :    108    724    492
   189 :    535    558    537
   190 :    495    523    522
   191 :    452    741    571
   192 :    762    799    506
   193 :    392    719    577
   194 :    148    511     79
   195 :    159    801    705
   196 :    252    478    477
   197 :    421    514    513
   198 :    322    533    517
   199 :    423    700    530
   200 :    323    533    322
   201 :    600    735    455
   202 :    319    534    318
   203 :    452    778    453
   204 :    551    777    759
   205 :    441    753    597
   206 :    711    714    509
   207 :    517    534    322
   208 :    102    445    101
   209 :    596    713    595
   210 :    571    778    452
   211 :    420    801    697
   212 :    316    520    317
   213 :    545    546    544
   214 :    473    475    414
   215 :     80    148     79
   216 :    534    558    535
   217 :    138    682    504
   218 :    322    534    319
   219 :    489    732    390
   220 :    625    627    383
   221 :    697    801    639
   222 :    252    559    478
   223 :    577    754    392
   224 :    125    409     60
   225 :     12    406    123
   226 :    507    508    380
   227 :    540    655    326
   228 :    326    533    323
   229 :    581    584    453
   230 :    125    410    409
   231 :    534    535    318
   232 :    529    658    525
   233 :    550    552    551
   234 :    492    803    108
   235 :    317    520    320
   236 :    371    529    524
   237 :    424    667    515
   238 :    535    537    525
   239 :    201    558    516
   240 :    478    559    516
   241 :    326    655    533
   242 :    524    529    525
   243 :     78    511    140
   244 :    327    540    326
   245 :    525    658    535
   246 :    553    712    550
   247 :    455    789    600
   248 :    406    407    123
   249 :    294    674    671
   250 :    250    691    667
   251 :     79    511     78
   252 :     23    518    132
   253 :     22    518     23
   254 :    516    559    201
   255 :    310    627    625
   256 :    645    669    361
   257 :    383    627    459
   258 :    352    540    327
   259 :    462    490    464
   260 :    478    479    477
   261 :    671    674    424
   262 :    410    411    409
   263 :    406    408    407
   264 :    515    671    424
   265 :    537    558    201
   266 :    545    548    546
   267 :    419    669    645
   268 :    141    519     35
   269 :    349    527    351
   270 :     36    521    141
   271 :    531    632    532
   272 :    444    682    454
   273 :    508    509    380
   274 :    517    558    534
   275 :    313    667    424
   276 :    149    749    565
   277 :    364    527    349
   278 :    381    678    294
   279 :    147    522    521
   280 :    683    696    205
   281 :    524    642    371
   282 :     40    161     39
   283 :    528    529    371
   284 :    272    528    239
   285 :    532    632    300
   286 :    382    497    423
   287 :    295    528    272
   288 :    527    662    444
   289 :    167    559    165
   290 :    351    527    362
   291 :     34    519    159
   292 :    354    526    350
   293 :     34    159     33
   294 :    425    630    538
   295 :    479    481    477
   296 :    539    540    352
   297 :    350    526    348
   298 :    536    631    554
   299 :    493    496    404
   300 :    362    444    443
   301 :    174    642    172
   302 :    360    361    354
   303 :    147    521     37
   304 :    516    558    517
   305 :    361    526    354
   306 :    165    559    252
   307 :    538    630    203
   308 :    608    648    302
   309 :    554    631    200
   310 :     38    147     37
   311 :    104    143    103
   312 :    239    528    237
   313 :    478    480    479
   314 :    444    454    443
   315 :    295    529    528
   316 :     22    659    518
   317 :    396    648    608
   318 :    169    537    201
   319 :    604    661    352
   320 :     36    141     35
   321 :    172    642    524
   322 :    271    272    239
   323 :    285    286    272
   324 :     78    140     77
   325 :    360    404    361
   326 :    201    559    167
   327 :    362    443    365
   328 :    271    285    272
   329 :    255    632    531
   330 :    237    371    212
   331 :    548    549    546
   332 :    237    528    371
   333 :    667    691    515
   334 :    286    316    296
   335 :    129    530    106
   336 :    362    527    444
   337 :    107    129    106
   338 :    286    296    295
   339 :    255    531    265
   340 :    316    317    296
   341 :     35    519     34
   342 :    232    293    234
   343 :    542    556    324
   344 :    371    642    212
   345 :    508    510    509
   346 :     37    521     36
   347 :    171    537    169
   348 :    236    237    212
   349 :    575    676    574
   350 :    220    618    217
   351 :    588    589    120
   352 :    351    362    356
   353 :    216    536    218
   354 :    288    421    285
   355 :    531    532    403
   356 :    313    424    418
   357 :    240    271    239
   358 :    688    693    374
   359 :    541    542    324
   360 :    238    239    237
   361 :    317    319    318
   362 :     14    136      2
   363 :      5    130     58
   364 :    294    678    674
   365 :    286    295    272
   366 :    525    537    171
   367 :    317    320    319
   368 :    479    482    481
   369 :    321    541    324
   370 :    307    403    402
   371 :    230    372    250
   372 :    320    321    319
   373 :    208    557    211
   374 :    602    633    398
   375 :    179    212    177
   376 :    217    618    193
   377 :    484    506    395
   378 :    324    325    323
   379 :    218    536    230
   380 :    265    531    307
   381 :    524    525    171
   382 :    320    541    321
   383 :    216    631    536
   384 :    247    251    245
   385 :    593    596    595
   386 :    230    536    372
   387 :    373    606    241
   388 :    321    324    323
   389 :    317    318    296
   390 :    505    512    494
   391 :    206    557    208
   392 :    247    605    251
   393 :    106    530    105
   394 :    269    633    602
   395 :    307    531    403
   396 :    321    323    322
   397 :    419    484    395
   398 :    482    483    481
   399 :    425    538    432
   400 :    404    645    361
   401 :    169    201    167
   402 :    543    544    542
   403 :    325    327    326
   404 :     76    588     75
   405 :     75    588    120
   406 :    347    364    349
   407 :    325    326    323
   408 :    278    425    304
   409 :    611    612    299
   410 :    328    329    327
   411 :    570    571    121
   412 :    593    595    594
   413 :    325    328    327
   414 :    328    330    329
   415 :    541    543    542
   416 :    321    322    319
   417 :    536    554    372
   418 :    307    402    401
   419 :    142    582    116
   420 :    594    595    122
   421 :    211    557    278
   422 :    124    574    573
   423 :    271    288    285
   424 :    330    331    329
   425 :    329    604    352
   426 :    579    581    126
   427 :    324    556    325
   428 :    578    579    126
   429 :    155    575     72
   430 :    578    580    579
   431 :    112    583    157
   432 :    179    236    212
   433 :    425    432    304
   434 :    373    611    606
   435 :    379    380    378
   436 :    330    332    331
   437 :    268    373    241
   438 :    124    573    572
   439 :    592    593    153
   440 :    347    617    364
   441 :    215    374    213
   442 :    278    557    425
   443 :    329    352    327
   444 :    130    466    465
   445 :    482    539    483
   446 :    265    307    306
   447 :    376    555    457
   448 :    230    250    249
   449 :    342    560    337
   450 :    116    582    115
   451 :    576    577    139
   452 :    313    418    417
   453 :    332    333    331
   454 :    591    592    153
   455 :    355    378    345
   456 :    165    252    136
   457 :     92    594    122
   458 :    337    560    335
   459 :    418    446    439
   460 :    328    357    330
   461 :    557    630    425
   462 :     72    575     71
   463 :    572    576     69
   464 :    113    583    112
   465 :    328    556    357
   466 :    374    621    213
   467 :    376    457    399
   468 :    562    566    563
   469 :    449    502    451
   470 :    299    618    220
   471 :    333    335    334
   472 :    502    503    451
   473 :    377    555    376
   474 :    358    377    376
   475 :    149    569    568
   476 :    336    337    335
   477 :    517    533    480
   478 :    405    493    404
   479 :    336    338    337
   480 :    333    336    335
   481 :    355    379    378
   482 :    333    334    331
   483 :    221    613    223
   484 :    335    358    334
   485 :    124    572     70
   486 :     70    572     69
   487 :     93    594     92
   488 :    114    578    126
   489 :    115    578    114
   490 :    352    661    539
   491 :    535    658    318
   492 :    338    339    337
   493 :    609    666    608
   494 :    332    561    333
   495 :    335    560    358
   496 :    211    278    259
   497 :    366    450    449
   498 :    338    340    339
   499 :    156    566    562
   500 :    378    607    345
   501 :    336    561    363
   502 :    358    560    377
   503 :    562    563    163
   504 :    336    363    338
   505 :    236    238    237
   506 :    340    366    343
   507 :    325    556    328
   508 :     85    597    146
   509 :     86    597     85
   510 :     69    576     68
   511 :     68    576    139
   512 :    273    313    312
   513 :    563    564    163
   514 :    363    601    338
   515 :    339    342    337
   516 :    358    376    375
   517 :    278    304    279
   518 :    301    302    263
   519 :    340    601    366
   520 :    333    561    336
   521 :    563    565    564
   522 :    281    603    258
   523 :    366    601    450
   524 :    376    399    375
   525 :    468    486    470
   526 :    436    437    302
   527 :    156    562     65
   528 :     66    600    156
   529 :    120    567     74
   530 :    114    126    113
   531 :     66    156     65
   532 :    119    162    118
   533 :     73    155     72
   534 :     71    124     70
   535 :     68    139     67
   536 :     94    591    153
   537 :     96    568    128
   538 :     51    152     52
   539 :     73    567    155
   540 :     20    133     21
   541 :    149    568     97
   542 :     17    585     18
   543 :     18    154     19
   544 :     26    134     27
   545 :     46    138     47
   546 :     50    598     51
   547 :     67    600     66
   548 :     88    127     87
   549 :     51    598    152
   550 :     18    585    154
   551 :     23    132     24
   552 :     49    137     50
   553 :     94    153     93
   554 :    111    570    110
   555 :     96    128     95
   556 :     97    568     96
   557 :     53    135     54
   558 :     75    120     74
   559 :     65    562     64
   560 :     92    122     91
   561 :     98    149     97
   562 :     16    131     17
   563 :    131    585     17
   564 :     74    567     73
   565 :    137    598     50
   566 :     64    163     63
   567 :    110    570    121
   568 :    128    591     95
   569 :     64    562    163
   570 :     85    146     84
   571 :    112    157    111
   572 :     90    150     89
   573 :    117    142    116
   574 :    157    570    111
   575 :    110    121    109
   576 :    139    600     67
   577 :     95    591     94
   578 :    449    451    389
   579 :    338    601    340
   580 :    204    621    205
   581 :    115    582    578
   582 :    358    375    334
   583 :    606    611    299
   584 :    397    398    386
   585 :    366    449    389
   586 :    598    599    152
   587 :    593    594    153
   588 :    292    603    281
   589 :    124    575    574
   590 :    197    282    194
   591 :    340    343    341
   592 :    340    341    339
   593 :    218    230    226
   594 :    307    401    306
   595 :    331    604    329
   596 :    223    613    227
   597 :    458    602    398
   598 :    585    586    154
   599 :    153    594     93
   600 :    578    582    580
   601 :    581    583    126
   602 :    190    610    188
   603 :    227    297    276
   604 :    441    458    398
   605 :    291    292    281
   606 :    222    299    220
   607 :    238    240    239
   608 :    339    607    342
   609 :    366    389    343
   610 :    126    583    113
   611 :    278    279    259
   612 :    308    416    287
   613 :     71    575    124
   614 :    369    400    292
   615 :    229    241    224
   616 :    334    604    331
   617 :    468    470    469
   618 :    207    621    204
   619 :    387    619    385
   620 :    482    540    539
   621 :    177    642    174
   622 :    315    690    270
   623 :    375    604    334
   624 :    478    516    480
   625 :    346    355    345
   626 :    267    268    241
   627 :    468    619    486
   628 :    289    433    268
   629 :    209    213    207
   630 :    388    468    467
   631 :    385    619    388
   632 :    397    441    398
   633 :    471    472    434
   634 :    359    360    354
   635 :    291    369    292
   636 :    341    607    339
   637 :    369    455    400
   638 :    222    606    299
   639 :    603    624    258
   640 :    304    305    279
   641 :    280    383    290
   642 :    291    370    369
   643 :    437    608    302
   644 :    383    459    440
   645 :    468    469    467
   646 :    227    613    297
   647 :    277    384    228
   648 :    345    607    341
   649 :    282    610    194
   650 :    208    211    210
   651 :    388    467    397
   652 :    250    273    249
   653 :    214    215    213
   654 :    204    205    199
   655 :    388    397    386
   656 :    283    382    381
   657 :     15    590     16
   658 :     16    590    131
   659 :    277    387    385
   660 :    344    345    341
   661 :    297    298    276
   662 :    612    618    299
   663 :    241    606    224
   664 :    314    428    274
   665 :    437    609    608
   666 :    176    177    174
   667 :    394    395    379
   668 :    303    438    427
   669 :    211    259    257
   670 :    394    419    395
   671 :    290    291    281
   672 :    443    638    365
   673 :    229    267    241
   674 :    383    440    290
   675 :    223    227    225
   676 :    197    620    282
   677 :    260    270    215
   678 :    289    434    433
   679 :    198    203    202
   680 :    209    214    213
   681 :    385    388    386
   682 :    280    281    258
   683 :    344    347    346
   684 :    267    289    268
   685 :    260    391    309
   686 :    309    315    270
   687 :    280    290    281
   688 :    313    417    312
   689 :    230    249    226
   690 :    289    435    434
   691 :    276    277    228
   692 :    385    386    384
   693 :    503    504    451
   694 :    343    344    341
   695 :    435    487    471
   696 :    211    257    210
   697 :    257    258    210
   698 :    229    269    267
   699 :    279    310    259
   700 :    389    617    343
   701 :    227    276    228
   702 :    225    229    224
   703 :    418    439    417
   704 :    214    260    215
   705 :    227    228    225
   706 :    277    385    384
   707 :    391    392    309
   708 :    466    520    465
   709 :    192    194    190
   710 :    435    471    434
   711 :    388    619    468
   712 :    344    346    345
   713 :    223    225    224
   714 :    260    309    270
   715 :    516    517    480
   716 :    208    209    207
   717 :    164    165    136
   718 :    223    224    222
   719 :    213    621    207
   720 :    257    280    258
   721 :    224    606    222
   722 :    208    210    209
   723 :    301    436    302
   724 :    314    429    428
   725 :    219    220    217
   726 :    206    208    207
   727 :    446    492    439
   728 :    277    623    387
   729 :    265    306    266
   730 :    287    605    253
   731 :    362    365    356
   732 :    415    473    414
   733 :    398    633    386
   734 :    205    620    199
   735 :    194    610    190
   736 :    255    265    256
   737 :    221    223    222
   738 :    206    207    204
   739 :    384    633    622
   740 :    179    614    236
   741 :      2    476     15
   742 :    452    453    429
   743 :    284    287    253
   744 :    280    625    383
   745 :    221    222    220
   746 :    314    452    429
   747 :    622    633    269
   748 :     56    144     57
   749 :    248    255    254
   750 :    191    192    190
   751 :    384    622    228
   752 :    175    232    231
   753 :    191    216    193
   754 :    343    617    344
   755 :    276    623    277
   756 :    130    465    368
   757 :    228    622    225
   758 :    259    625    257
   759 :    218    219    217
   760 :    198    199    197
   761 :    202    204    199
   762 :    202    206    204
   763 :    401    426    306
   764 :    189    190    188
   765 :    198    202    199
   766 :    218    226    219
   767 :    178    179    177
   768 :    298    623    276
   769 :    166    167    165
   770 :    187    200    189
   771 :    225    622    229
   772 :    196    197    194
   773 :    216    218    217
   774 :    310    625    259
   775 :    196    198    197
   776 :    187    188    186
   777 :    229    622    269
   778 :    182    183    180
   779 :    186    195    184
   780 :    355    394    379
   781 :    209    624    214
   782 :    430    431    311
   783 :    192    196    194
   784 :    219    221    220
   785 :    257    625    280
   786 :    216    217    193
   787 :    273    312    274
   788 :    258    624    210
   789 :    210    624    209
   790 :    344    617    347
   791 :    413    414    411
   792 :    191    193    192
   793 :    265    266    256
   794 :    189    191    190
   795 :    312    314    274
   796 :    428    629    274
   797 :    610    626    188
   798 :    273    274    249
   799 :    199    620    197
   800 :    172    524    171
   801 :    187    189    188
   802 :    203    630    202
   803 :    476    590     15
   804 :    188    626    186
   805 :    264    301    263
   806 :    262    263    235
   807 :    170    171    169
   808 :    244    300    246
   809 :    255    256    254
   810 :    646    651    435
   811 :    176    178    177
   812 :    206    630    557
   813 :    183    616    615
   814 :    182    184    183
   815 :    221    628    613
   816 :    302    648    263
   817 :    184    616    183
   818 :    303    427    311
   819 :    408    462    461
   820 :    202    630    206
   821 :    232    234    233
   822 :    185    187    186
   823 :    303    634    438
   824 :    408    649    462
   825 :    260    636    391
   826 :     14    164    136
   827 :    427    430    311
   828 :    182    185    184
   829 :    168    169    167
   830 :    226    628    219
   831 :    301    515    436
   832 :    185    186    184
   833 :    400    647    292
   834 :    308    442    416
   835 :    504    637    451
   836 :    636    647    391
   837 :    249    629    226
   838 :    219    628    221
   839 :    603    636    624
   840 :    386    633    384
   841 :    612    644    618
   842 :    186    626    195
   843 :    382    423    381
   844 :    266    275    256
   845 :    284    308    287
   846 :    181    182    180
   847 :    496    645    404
   848 :    617    637    364
   849 :    195    616    184
   850 :    602    646    269
   851 :    164    166    165
   852 :    130    368     58
   853 :    178    180    179
   854 :    253    605    247
   855 :    389    637    617
   856 :    455    735    400
   857 :    262    283    264
   858 :    248    254    253
   859 :    303    311    275
   860 :     12    123     13
   861 :    266    303    275
   862 :    283    381    294
   863 :    451    637    389
   864 :    234    261    235
   865 :    624    636    214
   866 :    262    264    263
   867 :    318    658    296
   868 :    426    634    306
   869 :    306    634    266
   870 :    289    646    435
   871 :    183    615    614
   872 :    191    631    216
   873 :    284    393    308
   874 :    180    614    179
   875 :    269    646    267
   876 :    274    629    249
   877 :    248    253    247
   878 :    200    631    189
   879 :    232    233    231
   880 :    214    636    260
   881 :    283    294    264
   882 :    246    248    247
   883 :    242    243    240
   884 :    226    629    628
   885 :    353    354    350
   886 :    178    181    180
   887 :    212    642    177
   888 :    248    632    255
   889 :    254    284    253
   890 :    189    631    191
   891 :     59    125     60
   892 :    238    242    240
   893 :    246    247    245
   894 :    183    614    180
   895 :    465    513    368
   896 :    513    514    368
   897 :    603    647    636
   898 :    261    262    235
   899 :    233    648    396
   900 :    175    176    174
   901 :    652    656    297
   902 :    300    632    246
   903 :    618    644    193
   904 :    193    644    192
   905 :    602    651    646
   906 :    347    349    348
   907 :    166    168    167
   908 :    233    396    231
   909 :    526    650    348
   910 :    266    634    303
   911 :    360    405    404
   912 :    170    172    171
   913 :    638    775    145
   914 :    175    231    176
   915 :    244    246    245
   916 :    164    643    166
   917 :    234    235    233
   918 :    235    648    233
   919 :    244    245    243
   920 :    615    641    614
   921 :    347    348    346
   922 :    168    170    169
   923 :    349    351    350
   924 :    246    632    248
   925 :    256    635    254
   926 :    638    639    422
   927 :    267    646    289
   928 :    192    644    196
   929 :    613    652    297
   930 :    166    390    168
   931 :     28    151     29
   932 :     21    659     22
   933 :    242    244    243
   934 :    198    653    203
   935 :    480    655    479
   936 :    176    640    178
   937 :    292    647    603
   938 :    609    670    666
   939 :    614    641    236
   940 :    479    655    482
   941 :    275    635    256
   942 :    677    680    305
   943 :    612    653    644
   944 :    355    650    394
   945 :    346    650    355
   946 :    361    669    526
   947 :    254    635    284
   948 :    231    640    176
   949 :    284    635    393
   950 :     43    145     44
   951 :    236    641    238
   952 :    170    173    172
   953 :    431    654    311
   954 :    396    640    231
   955 :    405    494    493
   956 :    173    175    174
   957 :    375    661    604
   958 :    263    648    235
   959 :    353    359    354
   960 :    173    174    172
   961 :    166    643    390
   962 :    458    651    602
   963 :    275    654    635
   964 :    365    422    367
   965 :    178    640    181
   966 :    351    356    353
   967 :    635    654    393
   968 :    349    350    348
   969 :    435    651    487
   970 :    365    638    422
   971 :    238    641    242
   972 :    428    656    652
   973 :    670    679    185
   974 :    644    653    196
   975 :    629    652    628
   976 :    447    448    367
   977 :    297    656    298
   978 :    273    667    313
   979 :    295    658    529
   980 :    653    664    203
   981 :    628    652    613
   982 :    428    652    629
   983 :    196    653    198
   984 :    348    650    346
   985 :    351    353    350
   986 :    574    676    660
   987 :    365    367    356
   988 :    448    657    367
   989 :    482    655    540
   990 :    418    674    446
   991 :    311    654    275
   992 :    533    655    480
   993 :     41    420     42
   994 :    296    658    295
   995 :    133    659     21
   996 :    429    656    428
   997 :    244    665    300
   998 :    611    664    612
   999 :    364    662    527
  1000 :    422    447    367
  1001 :    491    757    472
  1002 :    438    693    688
  1003 :    200    681    554
  1004 :    495    505    494
  1005 :    399    661    375
  1006 :    612    664    653
  1007 :    433    675    268
  1008 :    492    724    439
  1009 :    203    664    538
  1010 :    182    670    185
  1011 :    405    495    494
  1012 :    650    669    394
  1013 :    301    671    515
  1014 :    438    690    427
  1015 :    615    665    641
  1016 :    641    665    242
  1017 :    304    677    305
  1018 :    294    671    264
  1019 :    426    696    683
  1020 :    472    680    434
  1021 :    372    691    250
  1022 :    554    687    372
  1023 :    611    673    664
  1024 :    187    679    200
  1025 :    608    666    396
  1026 :    504    662    637
  1027 :    673    675    432
  1028 :    367    657    356
  1029 :    538    673    432
  1030 :    242    665    244
  1031 :    665    672    300
  1032 :    413    415    414
  1033 :    356    657    353
  1034 :    374    683    621
  1035 :    300    672    532
  1036 :    250    667    273
  1037 :    609    679    670
  1038 :    637    662    364
  1039 :    664    673    538
  1040 :    353    657    359
  1041 :    662    682    444
  1042 :    394    669    419
  1043 :    526    669    650
  1044 :    396    666    640
  1045 :    681    687    554
  1046 :    155    676    575
  1047 :    433    680    677
  1048 :    640    666    181
  1049 :    687    691    372
  1050 :    408    461    460
  1051 :    414    663    411
  1052 :    666    670    181
  1053 :    181    670    182
  1054 :    462    464    463
  1055 :    615    672    665
  1056 :    291    686    370
  1057 :    264    671    301
  1058 :    440    686    290
  1059 :    415    474    473
  1060 :    373    675    673
  1061 :    270    688    215
  1062 :    140    695     77
  1063 :    433    677    675
  1064 :    406    649    408
  1065 :    616    672    615
  1066 :    373    673    611
  1067 :    408    460    407
  1068 :    424    674    418
  1069 :    532    685    403
  1070 :    462    463    461
  1071 :    268    675    373
  1072 :    412    413    411
  1073 :    410    412    411
  1074 :    505    736    161
  1075 :    403    689    402
  1076 :    410    499    412
  1077 :     76    695    588
  1078 :    674    678    446
  1079 :    432    677    304
  1080 :    282    692    610
  1081 :    620    694    282
  1082 :    679    681    200
  1083 :    185    679    187
  1084 :    434    680    433
  1085 :    685    689    403
  1086 :    620    696    694
  1087 :    413    456    415
  1088 :    672    685    532
  1089 :    660    676    430
  1090 :    104    700    143
  1091 :    412    668    413
  1092 :    282    694    692
  1093 :     88    698    127
  1094 :    150    698     89
  1095 :    205    696    620
  1096 :    426    693    634
  1097 :     86    699    597
  1098 :    616    685    672
  1099 :    127    699     87
  1100 :    530    700    105
  1101 :    437    681    609
  1102 :    460    488    407
  1103 :    689    692    402
  1104 :    688    690    438
  1105 :    621    683    205
  1106 :    675    677    432
  1107 :    530    733    423
  1108 :    491    788    122
  1109 :    437    687    681
  1110 :    411    663    409
  1111 :    374    693    683
  1112 :    459    747    440
  1113 :    162    701    118
  1114 :    117    701    142
  1115 :    413    668    456
  1116 :     43    697    145
  1117 :    609    681    679
  1118 :    195    685    616
  1119 :    504    682    662
  1120 :    290    686    291
  1121 :    436    687    437
  1122 :    215    688    374
  1123 :    195    689    685
  1124 :    134    702     27
  1125 :    420    697     42
  1126 :    626    689    195
  1127 :    270    690    688
  1128 :    436    691    687
  1129 :    683    693    426
  1130 :    515    691    436
  1131 :     28    702    151
  1132 :    626    692    689
  1133 :    601    703    450
  1134 :    610    692    626
  1135 :    146    704     84
  1136 :    634    693    438
  1137 :     33    705     32
  1138 :    402    694    401
  1139 :    692    694    402
  1140 :    421    748    514
  1141 :     11    158      1
  1142 :    694    696    401
  1143 :     77    695     76
  1144 :    401    696    426
  1145 :     42    697     43
  1146 :     83    706     82
  1147 :      6    160     61
  1148 :     89    698     88
  1149 :     87    699     86
  1150 :     81    782    485
  1151 :    590    767    131
  1152 :    288    722    500
  1153 :    472    757    713
  1154 :    293    710    234
  1155 :    105    700    104
  1156 :     10    684     11
  1157 :    129    733    530
  1158 :    118    701    117
  1159 :    342    711    560
  1160 :    724    761    439
  1161 :    469    760    704
  1162 :     27    702     28
  1163 :    509    714    380
  1164 :    539    707    483
  1165 :    380    714    378
  1166 :    150    788    491
  1167 :    607    714    342
  1168 :    399    707    661
  1169 :    704    760    706
  1170 :    245    717    243
  1171 :    120    716    567
  1172 :    502    785    503
  1173 :     30    742     31
  1174 :    271    722    288
  1175 :    363    703    601
  1176 :    513    740    421
  1177 :    506    799    132
  1178 :    514    748    125
  1179 :     45    718     46
  1180 :    137    785    502
  1181 :     84    704     83
  1182 :    546    726    544
  1183 :    243    722    240
  1184 :    391    719    392
  1185 :    123    750    643
  1186 :    400    719    647
  1187 :    496    728    645
  1188 :    567    721    155
  1189 :    707    744    483
  1190 :     29    723     30
  1191 :    293    746    489
  1192 :    544    726    542
  1193 :    109    724    108
  1194 :    556    726    357
  1195 :    159    705     33
  1196 :    442    725    416
  1197 :    680    713    305
  1198 :    387    727    619
  1199 :    161    736     39
  1200 :    122    757    491
  1201 :     11    684    158
  1202 :    430    721    431
  1203 :    415    715    474
  1204 :    566    730    563
  1205 :     38    736    147
  1206 :    623    729    387
  1207 :    605    794    456
  1208 :    598    734    599
  1209 :    139    735    600
  1210 :     61    708     62
  1211 :    170    732    173
  1212 :    676    721    430
  1213 :    390    732    168
  1214 :    421    740    285
  1215 :    286    740    316
  1216 :     44    737     45
  1217 :    597    753    146
  1218 :    522    751    521
  1219 :    314    741    452
  1220 :    419    728    484
  1221 :    417    741    312
  1222 :    485    786    475
  1223 :    232    746    293
  1224 :    522    783    495
  1225 :    422    738    447
  1226 :    131    744    585
  1227 :    661    707    539
  1228 :    541    745    543
  1229 :    569    747    568
  1230 :    173    746    175
  1231 :    458    739    651
  1232 :    800    802    474
  1233 :     98    749    149
  1234 :    523    709    522
  1235 :    316    792    520
  1236 :    129    770    733
  1237 :    573    754    572
  1238 :    576    754    577
  1239 :    397    753    441
  1240 :    474    802    473
  1241 :    586    744    707
  1242 :    152    712    553
  1243 :    717    791    500
  1244 :    330    759    332
  1245 :    446    770    492
  1246 :    234    710    261
  1247 :    101    781      0
  1248 :    160    708     61
  1249 :    560    711    377
  1250 :    561    758    363
  1251 :     26    762    134
  1252 :    599    712    152
  1253 :    423    733    381
  1254 :    643    796    123
  1255 :    431    755    654
  1256 :    520    745    320
  1257 :    643    750    390
  1258 :    416    794    287
  1259 :    566    764    730
  1260 :    125    797    514
  1261 :    512    774    494
  1262 :    369    764    455
  1263 :      7    782     81
  1264 :    466    745    520
  1265 :    108    803    107
  1266 :      8    771    100
  1267 :     82    772      9
  1268 :     63    771      8
  1269 :      9    772    119
  1270 :    564    771    163
  1271 :    704    706     83
  1272 :    570    778    571
  1273 :    450    780    449
  1274 :    132    799     24
  1275 :    500    791    499
  1276 :    472    713    680
  1277 :    600    789    156
  1278 :    122    788     91
  1279 :     90    788    150
  1280 :     49    785    137
  1281 :     58    797     59
  1282 :    393    773    308
  1283 :     13    796     14
  1284 :    305    784    279
  1285 :    392    787    309
  1286 :    682    718    454
  1287 :     14    796    164
  1288 :    368    797     58
  1289 :    520    792    465
  1290 :    378    714    607
  1291 :    125    748    410
  1292 :     32    776      4
  1293 :    592    731    593
  1294 :    627    731    592
  1295 :      4    776     41
  1296 :    589    716    120
  1297 :    407    750    123
  1298 :    251    717    245
  1299 :    439    761    417
  1300 :    456    715    415
  1301 :    458    795    739
  1302 :    582    768    580
  1303 :    584    720    298
  1304 :     46    718    138
  1305 :    298    720    623
  1306 :    647    719    391
  1307 :    240    722    271
  1308 :    499    791    412
  1309 :    709    751    522
  1310 :    138    718    682
  1311 :    659    752    510
  1312 :    155    721    676
  1313 :    151    723     29
  1314 :    593    731    596
  1315 :    579    729    720
  1316 :    711    743    377
  1317 :    580    729    579
  1318 :    121    724    109
  1319 :    445    781    101
  1320 :    715    794    416
  1321 :    147    783    522
  1322 :    542    726    556
  1323 :    133    752    659
  1324 :    770    803    492
  1325 :    716    755    431
  1326 :    123    796     13
  1327 :     59    797    125
  1328 :    730    756    565
  1329 :    619    727    486
  1330 :    645    728    419
  1331 :    723    774    512
  1332 :      0    781     10
  1333 :    563    730    565
  1334 :    310    731    627
  1335 :     62    782      7
  1336 :    168    732    170
  1337 :    457    793    587
  1338 :    564    749     99
  1339 :    137    734    598
  1340 :    577    735    139
  1341 :    161    742    512
  1342 :    381    733    678
  1343 :    698    739    127
  1344 :    734    780    450
  1345 :    595    757    122
  1346 :    555    793    457
  1347 :    736    783    147
  1348 :     39    736     38
  1349 :    764    789    455
  1350 :    502    780    137
  1351 :    121    761    724
  1352 :    145    737     44
  1353 :    639    738    422
  1354 :    730    764    370
  1355 :    454    775    443
  1356 :    684    781    445
  1357 :    726    763    357
  1358 :    285    740    286
  1359 :    686    756    370
  1360 :    312    741    314
  1361 :    651    739    487
  1362 :     40    798    161
  1363 :    377    743    555
  1364 :    580    768    727
  1365 :    585    744    586
  1366 :    519    779    447
  1367 :    487    739    698
  1368 :    131    767    744
  1369 :    448    751    709
  1370 :    569    756    686
  1371 :    731    784    596
  1372 :    320    745    541
  1373 :    739    795    127
  1374 :    175    746    232
  1375 :    521    751    141
  1376 :    568    747    128
  1377 :    565    749    564
  1378 :     99    749     98
  1379 :    443    775    638
  1380 :    261    769    501
  1381 :    733    770    678
  1382 :    410    748    499
  1383 :    485    782    708
  1384 :    649    765    158
  1385 :    467    753    397
  1386 :    148    802    511
  1387 :    740    792    316
  1388 :    572    754    576
  1389 :    705    776     32
  1390 :    488    750    407
  1391 :    160    766    663
  1392 :    654    755    393
  1393 :    141    779    519
  1394 :    720    729    623
  1395 :    357    759    330
  1396 :      3    798     40
  1397 :    470    760    469
  1398 :    571    761    121
  1399 :    706    760    162
  1400 :    310    784    731
  1401 :    406    765    649
  1402 :    357    763    759
  1403 :    663    766    409
  1404 :    441    795    458
  1405 :    448    779    751
  1406 :     25    762     26
  1407 :    706    772     82
  1408 :    142    768    582
  1409 :    549    763    546
  1410 :     31    798      3
  1411 :    370    764    369
  1412 :    332    777    561
  1413 :    483    767    481
  1414 :    151    805    774
  1415 :    552    777    551
  1416 :    445    790    684
  1417 :    119    772    162
  1418 :    163    771     63
  1419 :     25    799    762
  1420 :    511    800    140
  1421 :    699    795    441
  1422 :    308    773    442
  1423 :    494    774    493
  1424 :    157    778    570
  1425 :    363    758    703
  1426 :    420    776    705
  1427 :     41    776    420
  1428 :    774    805    493
  1429 :    449    780    502
  1430 :    587    793    133
  1431 :    678    770    446
  1432 :    511    802    800
  1433 :    447    779    448
  1434 :    142    804    768
  1435 :    701    804    142
  1436 :    279    784    310
  1437 :     48    785     49
  1438 :    158    765      1
  1439 :    768    804    486
  1440 :    309    787    315
  1441 :    710    769    261
  1442 :     91    788     90
  1443 :    156    789    566
  1444 :    287    794    605
  1445 :      6    766    160
  1446 :    702    805    151
  1447 :    495    783    505
  1448 :    127    795    699
  1449 :    493    805    496
  1450 :    456    794    715
  1451 :    107    803    129
  1452 :    465    792    513
  1453 :    514    797    368
  1454 :     24    799     25
  1455 :    164    796    643
  1456 :    546    763    726
  1457 :    486    804    470
  1458 :    737    775    454
  1459 :    589    755    716
  1460 :    162    772    706
  1461 :    412    791    668
  1462 :    505    783    736
  1463 :    161    798    742
  1464 :    751    779    141
  1465 :    743    752    555
  1466 :    470    804    701
  1467 :     10    781    684
  1468 :    496    805    702
  1469 :    639    801    738
  1470 :    370    756    730
  1471 :    129    803    770
  1472 :    151    774    723
  1473 :    510    752    743
  1474 :    705    801    420
  1475 :    708    782     62
  1476 :    744    767    483
  1477 :    684    790    158
  1478 :    160    786    708
  1479 :    513    792    740
  1480 :    566    789    764
  1481 :    727    768    486
  1482 :    752    793    555
  1483 :    708    786    485
  1484 :    145    775    737
  1485 :    137    780    734
  1486 :    133    793    752
  1487 :    725    800    474
  1488 :    140    800    725
  1489 :    742    798     31
Number of domains 10
  Domain :      0 
  Name : Entity 20 
  Number of elements :      3
     0     1     2
  Domain :      1 
  Name : Entity 21 
  Number of elements :      4
     3     4     5     6
  Domain :      2 
  Name : Entity 22 
  Number of elements :     18
     7     8     9    10    11    12    13    14    15    16
    17    18    19    20    21    22    23    24
  Domain :      3 
  Name : Entity 23 
  Number of elements :     10
    25    26    27    28    29    30    31    32    33    34
  Domain :      4 
  Name : Entity 24 
  Number of elements :     18
    35    36    37    38    39    40    41    42    43    44
    45    46    47    48    49    50    51    52
  Domain :      5 
  Name : Entity 25 
  Number of elements :      4
    53    54    55    56
  Domain :      6 
  Name : Entity 26 
  Number of elements :      3
    57    58    59
  Domain :      7 
  Name : Entity 27 
  Number of elements :     20
    60    61    62    63    64    65    66    67    68    69
    70    71    72    73    74    75    76    77    78    79
  Domain :      8 
  Name : Entity 28 
  Number of elements :     20
    80    81    82    83    84    85    86    87    88    89
    90    91    92    93    94    95    96    97    98    99
  Domain :      9 
  Name : Entity 29 
  Number of elements :     20
   100   101   102   103   104   105   106   107   108   109
   110   111   112   113   114   115   116   117   118   119
