Number of nodes 621 
     0 :  0.0000000e+00  1.0000000e+00 
     1 :  0.0000000e+00  0.0000000e+00 
     2 :  1.0000000e+00  1.0000000e+00 
     3 :  1.0000000e+00  7.5000000e-01 
     4 :  5.0000000e-01  7.5000000e-01 
     5 :  5.0000000e-01  2.5000000e-01 
     6 :  1.0000000e+00  2.5000000e-01 
     7 :  1.0000000e+00  0.0000000e+00 
     8 :  0.0000000e+00  9.6428571e-01 
     9 :  0.0000000e+00  3.5714286e-02 
    10 :  0.0000000e+00  1.0714286e-01 
    11 :  0.0000000e+00  1.7857143e-01 
    12 :  0.0000000e+00  2.5000000e-01 
    13 :  0.0000000e+00  3.2142857e-01 
    14 :  0.0000000e+00  3.9285714e-01 
    15 :  0.0000000e+00  4.6428571e-01 
    16 :  0.0000000e+00  5.3571429e-01 
    17 :  0.0000000e+00  6.0714286e-01 
    18 :  0.0000000e+00  6.7857143e-01 
    19 :  0.0000000e+00  7.5000000e-01 
    20 :  0.0000000e+00  8.2142857e-01 
    21 :  0.0000000e+00  8.9285714e-01 
    22 :  0.0000000e+00  9.2857143e-01 
    23 :  0.0000000e+00  8.5714286e-01 
    24 :  0.0000000e+00  7.8571429e-01 
    25 :  0.0000000e+00  7.1428571e-01 
    26 :  0.0000000e+00  6.4285714e-01 
    27 :  0.0000000e+00  5.7142857e-01 
    28 :  0.0000000e+00  5.0000000e-01 
    29 :  0.0000000e+00  4.2857143e-01 
    30 :  0.0000000e+00  3.5714286e-01 
    31 :  0.0000000e+00  2.8571429e-01 
    32 :  0.0000000e+00  2.1428571e-01 
    33 :  0.0000000e+00  1.4285714e-01 
    34 :  0.0000000e+00  7.1428571e-02 
    35 :  9.6428571e-01  1.0000000e+00 
    36 :  3.5714286e-02  1.0000000e+00 
    37 :  1.0714286e-01  1.0000000e+00 
    38 :  1.7857143e-01  1.0000000e+00 
    39 :  2.5000000e-01  1.0000000e+00 
    40 :  3.2142857e-01  1.0000000e+00 
    41 :  3.9285714e-01  1.0000000e+00 
    42 :  4.6428571e-01  1.0000000e+00 
    43 :  5.3571429e-01  1.0000000e+00 
    44 :  6.0714286e-01  1.0000000e+00 
    45 :  6.7857143e-01  1.0000000e+00 
    46 :  7.5000000e-01  1.0000000e+00 
    47 :  8.2142857e-01  1.0000000e+00 
    48 :  8.9285714e-01  1.0000000e+00 
    49 :  9.2857143e-01  1.0000000e+00 
    50 :  8.5714286e-01  1.0000000e+00 
    51 :  7.8571429e-01  1.0000000e+00 
    52 :  7.1428571e-01  1.0000000e+00 
    53 :  6.4285714e-01  1.0000000e+00 
    54 :  5.7142857e-01  1.0000000e+00 
    55 :  5.0000000e-01  1.0000000e+00 
    56 :  4.2857143e-01  1.0000000e+00 
    57 :  3.5714286e-01  1.0000000e+00 
    58 :  2.8571429e-01  1.0000000e+00 
    59 :  2.1428571e-01  1.0000000e+00 
    60 :  1.4285714e-01  1.0000000e+00 
    61 :  7.1428571e-02  1.0000000e+00 
    62 :  1.0000000e+00  7.8125000e-01 
    63 :  1.0000000e+00  8.4375000e-01 
    64 :  1.0000000e+00  9.0625000e-01 
    65 :  1.0000000e+00  9.6875000e-01 
    66 :  1.0000000e+00  8.1250000e-01 
    67 :  1.0000000e+00  8.7500000e-01 
    68 :  1.0000000e+00  9.3750000e-01 
    69 :  9.6428571e-01  7.5000000e-01 
    70 :  8.9285714e-01  7.5000000e-01 
    71 :  8.2142857e-01  7.5000000e-01 
    72 :  7.5000000e-01  7.5000000e-01 
    73 :  6.7857143e-01  7.5000000e-01 
    74 :  6.0714286e-01  7.5000000e-01 
    75 :  5.3571429e-01  7.5000000e-01 
    76 :  9.2857143e-01  7.5000000e-01 
    77 :  8.5714286e-01  7.5000000e-01 
    78 :  7.8571429e-01  7.5000000e-01 
    79 :  7.1428571e-01  7.5000000e-01 
    80 :  6.4285714e-01  7.5000000e-01 
    81 :  5.7142857e-01  7.5000000e-01 
    82 :  4.6442129e-01  7.4745536e-01 
    83 :  4.6442129e-01  2.5254464e-01 
    84 :  3.9614625e-01  2.7259200e-01 
    85 :  3.3628482e-01  3.1106261e-01 
    86 :  2.8968662e-01  3.6483980e-01 
    87 :  2.6012676e-01  4.2956686e-01 
    88 :  2.5000000e-01  5.0000000e-01 
    89 :  2.6012676e-01  5.7043314e-01 
    90 :  2.8968662e-01  6.3516020e-01 
    91 :  3.3628482e-01  6.8893739e-01 
    92 :  3.9614625e-01  7.2740800e-01 
    93 :  4.2956686e-01  7.3987324e-01 
    94 :  3.6483980e-01  7.1031338e-01 
    95 :  3.1106261e-01  6.6371518e-01 
    96 :  2.7259200e-01  6.0385375e-01 
    97 :  2.5254464e-01  5.3557871e-01 
    98 :  2.5254464e-01  4.6442129e-01 
    99 :  2.7259200e-01  3.9614625e-01 
   100 :  3.1106261e-01  3.3628482e-01 
   101 :  3.6483980e-01  2.8968662e-01 
   102 :  4.2956686e-01  2.6012676e-01 
   103 :  5.3571429e-01  2.5000000e-01 
   104 :  6.0714286e-01  2.5000000e-01 
   105 :  6.7857143e-01  2.5000000e-01 
   106 :  7.5000000e-01  2.5000000e-01 
   107 :  8.2142857e-01  2.5000000e-01 
   108 :  8.9285714e-01  2.5000000e-01 
   109 :  9.6428571e-01  2.5000000e-01 
   110 :  5.7142857e-01  2.5000000e-01 
   111 :  6.4285714e-01  2.5000000e-01 
   112 :  7.1428571e-01  2.5000000e-01 
   113 :  7.8571429e-01  2.5000000e-01 
   114 :  8.5714286e-01  2.5000000e-01 
   115 :  9.2857143e-01  2.5000000e-01 
   116 :  1.0000000e+00  3.1250000e-02 
   117 :  1.0000000e+00  9.3750000e-02 
   118 :  1.0000000e+00  1.5625000e-01 
   119 :  1.0000000e+00  2.1875000e-01 
   120 :  1.0000000e+00  6.2500000e-02 
   121 :  1.0000000e+00  1.2500000e-01 
   122 :  1.0000000e+00  1.8750000e-01 
   123 :  3.5714286e-02  0.0000000e+00 
   124 :  9.6428571e-01  0.0000000e+00 
   125 :  8.9285714e-01  0.0000000e+00 
   126 :  8.2142857e-01  0.0000000e+00 
   127 :  7.5000000e-01  0.0000000e+00 
   128 :  6.7857143e-01  0.0000000e+00 
   129 :  6.0714286e-01  0.0000000e+00 
   130 :  5.3571429e-01  0.0000000e+00 
   131 :  4.6428571e-01  0.0000000e+00 
   132 :  3.9285714e-01  0.0000000e+00 
   133 :  3.2142857e-01  0.0000000e+00 
   134 :  2.5000000e-01  0.0000000e+00 
   135 :  1.7857143e-01  0.0000000e+00 
   136 :  1.0714286e-01  0.0000000e+00 
   137 :  7.1428571e-02  0.0000000e+00 
   138 :  1.4285714e-01  0.0000000e+00 
   139 :  2.1428571e-01  0.0000000e+00 
   140 :  2.8571429e-01  0.0000000e+00 
   141 :  3.5714286e-01  0.0000000e+00 
   142 :  4.2857143e-01  0.0000000e+00 
   143 :  5.0000000e-01  0.0000000e+00 
   144 :  5.7142857e-01  0.0000000e+00 
   145 :  6.4285714e-01  0.0000000e+00 
   146 :  7.1428571e-01  0.0000000e+00 
   147 :  7.8571429e-01  0.0000000e+00 
   148 :  8.5714286e-01  0.0000000e+00 
   149 :  9.2857143e-01  0.0000000e+00 
   150 :  3.9269028e-01  2.0705315e-01 
   151 :  2.8946635e-01  9.6832710e-01 
   152 :  9.2667588e-02  2.6295893e-01 
   153 :  2.8789873e-02  2.8868643e-01 
   154 :  2.7903448e-02  3.8682332e-01 
   155 :  6.8115648e-02  5.6204770e-01 
   156 :  5.0282251e-01  9.4115868e-01 
   157 :  7.1452654e-01  9.3797032e-01 
   158 :  5.0469514e-01  8.8268280e-01 
   159 :  9.2858577e-01  8.1252894e-01 
   160 :  6.6461364e-02  1.8431976e-01 
   161 :  2.0622396e-01  1.9471489e-01 
   162 :  5.3557713e-01  1.2789413e-01 
   163 :  1.4838064e-01  3.2119724e-01 
   164 :  5.7517823e-02  2.9259334e-01 
   165 :  8.5714171e-01  3.1270078e-02 
   166 :  3.9212765e-01  1.0391862e-01 
   167 :  3.5673129e-01  3.5483449e-02 
   168 :  3.1926907e-01  1.8590079e-01 
   169 :  3.9997178e-01  7.7975156e-01 
   170 :  4.1368905e-01  8.3191775e-01 
   171 :  2.3252446e-01  8.3126850e-01 
   172 :  3.7750266e-01  8.5429555e-01 
   173 :  2.0776966e-01  3.8239985e-01 
   174 :  1.9530439e-01  4.6630296e-01 
   175 :  1.7619459e-01  7.5594557e-02 
   176 :  6.4317746e-01  7.8204035e-01 
   177 :  6.4362692e-01  8.4541926e-01 
   178 :  7.5015615e-01  8.1283171e-01 
   179 :  6.0807270e-01  8.1477690e-01 
   180 :  7.8581427e-01  8.1270942e-01 
   181 :  6.7877193e-01  9.6912711e-01 
   182 :  8.5718360e-01  9.3758126e-01 
   183 :  8.2146315e-01  7.8132186e-01 
   184 :  5.7273905e-01  9.3967152e-01 
   185 :  2.2594942e-01  6.5996268e-01 
   186 :  7.1692469e-02  6.3647281e-01 
   187 :  7.5068150e-02  7.1118654e-01 
   188 :  1.6372142e-01  4.6914017e-01 
   189 :  8.5719600e-01  9.0635646e-01 
   190 :  4.9991162e-01  3.2613459e-02 
   191 :  5.7139090e-01  3.1889986e-02 
   192 :  2.1063141e-01  1.1418518e-01 
   193 :  7.4999044e-01  9.3938367e-02 
   194 :  7.8570932e-01  6.2592127e-02 
   195 :  9.2857101e-01  3.1257079e-02 
   196 :  4.3372459e-01  9.4177336e-01 
   197 :  4.3863982e-01  8.8527185e-01 
   198 :  6.9484638e-02  3.5056067e-01 
   199 :  5.0392130e-01  8.2395795e-01 
   200 :  6.4284148e-01  3.1531388e-02 
   201 :  5.3563433e-01  1.8996677e-01 
   202 :  7.0038082e-02  7.3455519e-02 
   203 :  1.7744310e-01  3.7689930e-02 
   204 :  5.3560980e-01  6.4303387e-02 
   205 :  4.4254608e-01  7.9388277e-01 
   206 :  1.7267243e-01  1.5302383e-01 
   207 :  5.3558177e-01  9.6236264e-02 
   208 :  2.9774500e-01  9.0551346e-01 
   209 :  6.7877655e-01  7.8172495e-01 
   210 :  6.7906562e-01  8.4480497e-01 
   211 :  8.9287051e-01  7.8127756e-01 
   212 :  2.4906187e-01  3.7454823e-02 
   213 :  7.8570787e-01  1.2513144e-01 
   214 :  2.5352326e-01  9.6742991e-01 
   215 :  3.3339309e-01  9.0840576e-01 
   216 :  5.7135229e-01  1.5808841e-01 
   217 :  2.4073792e-01  2.3940454e-01 
   218 :  5.7137462e-01  1.8899584e-01 
   219 :  2.8254529e-01  1.5086631e-01 
   220 :  3.9256951e-01  3.4641645e-02 
   221 :  1.9277204e-01  8.2689084e-01 
   222 :  2.4336445e-01  7.5684300e-01 
   223 :  4.4265462e-01  8.3335193e-01 
   224 :  1.5299327e-01  7.0864757e-01 
   225 :  1.8668207e-01  6.6530875e-01 
   226 :  6.5392095e-02  4.8725465e-01 
   227 :  3.7839602e-02  8.2154306e-01 
   228 :  3.6435104e-01  9.4017682e-01 
   229 :  3.7953617e-02  7.8543891e-01 
   230 :  3.2097298e-02  2.1761996e-01 
   231 :  2.1321085e-01  3.7690788e-02 
   232 :  7.4999238e-01  6.2643330e-02 
   233 :  8.9285590e-01  6.2522867e-02 
   234 :  3.3668441e-01  7.5668026e-01 
   235 :  3.9061727e-01  8.0279111e-01 
   236 :  6.1391450e-02  2.5766727e-01 
   237 :  3.0648272e-02  2.5354435e-01 
   238 :  9.6429515e-01  8.7501864e-01 
   239 :  7.8581484e-01  9.3769941e-01 
   240 :  8.2149256e-01  8.1263208e-01 
   241 :  7.8571014e-01  1.8759381e-01 
   242 :  2.8337695e-01  1.1201874e-01 
   243 :  6.4282499e-01  1.5698723e-01 
   244 :  2.1203424e-01  7.5650758e-02 
   245 :  3.4992177e-02  7.2450554e-02 
   246 :  7.5947010e-02  7.4844247e-01 
   247 :  4.0588655e-01  8.8440883e-01 
   248 :  3.6824781e-01  9.1081894e-01 
   249 :  6.4342657e-01  9.3855907e-01 
   250 :  5.7331064e-01  8.4794440e-01 
   251 :  6.4360849e-01  9.0770303e-01 
   252 :  7.5020407e-01  8.4417518e-01 
   253 :  3.2030010e-01  7.2771275e-02 
   254 :  6.9154585e-02  1.1030543e-01 
   255 :  2.4805986e-01  7.5200419e-02 
   256 :  3.7826593e-02  7.4915166e-01 
   257 :  1.8974350e-01  8.6253016e-01 
   258 :  4.4086120e-01  8.5844612e-01 
   259 :  1.9741400e-01  5.4353105e-01 
   260 :  2.5769271e-01  3.4820157e-01 
   261 :  3.0328658e-02  4.2116835e-01 
   262 :  1.3831714e-01  5.9078046e-01 
   263 :  7.4374228e-02  8.9373261e-01 
   264 :  1.2491542e-01  2.6970490e-01 
   265 :  9.8129511e-02  4.8048586e-01 
   266 :  6.3785429e-02  4.4959364e-01 
   267 :  1.4492843e-01  9.6535666e-01 
   268 :  2.7815264e-01  8.0440254e-01 
   269 :  2.8695864e-01  7.7136244e-01 
   270 :  8.2142463e-01  9.3827080e-02 
   271 :  9.6428552e-01  3.1253218e-02 
   272 :  4.6395181e-01  1.3164863e-01 
   273 :  6.8009671e-02  1.4727428e-01 
   274 :  1.5323711e-01  8.2416090e-01 
   275 :  1.1312596e-01  8.5881883e-01 
   276 :  4.2820528e-01  6.7642759e-02 
   277 :  3.9386775e-01  2.4056079e-01 
   278 :  1.9943615e-01  4.2549012e-01 
   279 :  2.2505164e-01  4.6491357e-01 
   280 :  4.2837435e-01  3.3850029e-02 
   281 :  2.4366332e-01  1.9453075e-01 
   282 :  2.1242168e-01  6.1950950e-01 
   283 :  1.7820846e-01  6.2505521e-01 
   284 :  3.1978747e-01  1.0963787e-01 
   285 :  2.8418222e-01  7.4213913e-02 
   286 :  2.8495789e-01  3.6976026e-02 
   287 :  2.5916718e-02  3.5452214e-01 
   288 :  4.6400179e-01  1.6362489e-01 
   289 :  8.9285556e-01  1.2503246e-01 
   290 :  1.3453086e-01  1.9046765e-01 
   291 :  3.1788468e-01  7.1175714e-01 
   292 :  2.9949954e-01  7.3895812e-01 
   293 :  6.0829606e-01  9.0840845e-01 
   294 :  7.5022067e-01  8.7545064e-01 
   295 :  4.2839861e-01  1.9981902e-01 
   296 :  7.1427212e-01  1.5654944e-01 
   297 :  5.3565632e-01  3.2194237e-02 
   298 :  7.4999007e-01  1.2520540e-01 
   299 :  8.9285642e-01  3.1262348e-02 
   300 :  1.5463839e-01  7.8703023e-01 
   301 :  3.7414114e-02  7.1272114e-01 
   302 :  1.1494353e-01  7.8575391e-01 
   303 :  8.2151219e-01  8.4392134e-01 
   304 :  8.5719576e-01  8.4385776e-01 
   305 :  5.7318776e-01  9.0937043e-01 
   306 :  8.5716469e-01  7.8129499e-01 
   307 :  7.8585621e-01  8.7528859e-01 
   308 :  7.1460317e-01  8.4441898e-01 
   309 :  3.5673165e-01  2.1623198e-01 
   310 :  5.7134065e-01  1.2687497e-01 
   311 :  7.4999355e-01  1.8764730e-01 
   312 :  6.7855613e-01  1.8786487e-01 
   313 :  4.9996241e-01  2.2146887e-01 
   314 :  5.7140147e-01  2.1960273e-01 
   315 :  3.9231436e-01  6.9287530e-02 
   316 :  5.3567719e-01  2.2021878e-01 
   317 :  2.4176895e-01  3.8821349e-01 
   318 :  6.0764248e-01  7.8261385e-01 
   319 :  7.8584550e-01  9.0651320e-01 
   320 :  6.7910289e-01  8.7608719e-01 
   321 :  6.4284501e-01  2.1906864e-01 
   322 :  6.0712448e-01  2.1926528e-01 
   323 :  2.8073462e-01  2.9690905e-01 
   324 :  3.5906910e-01  2.5387195e-01 
   325 :  6.4283368e-01  1.8807821e-01 
   326 :  3.2323489e-01  2.7145828e-01 
   327 :  7.1441722e-01  7.8154193e-01 
   328 :  6.0760877e-01  9.6955122e-01 
   329 :  9.6429444e-01  8.4376713e-01 
   330 :  2.8099825e-01  2.3673780e-01 
   331 :  7.4999573e-01  3.1327277e-02 
   332 :  4.2805847e-01  1.3468460e-01 
   333 :  7.1428054e-01  2.1887620e-01 
   334 :  3.1938838e-01  1.4718620e-01 
   335 :  6.7856348e-01  2.1894972e-01 
   336 :  3.5890280e-02  6.3973030e-01 
   337 :  7.3551922e-02  6.7380324e-01 
   338 :  3.6734125e-02  6.7622436e-01 
   339 :  4.1294803e-01  7.5932216e-01 
   340 :  1.9558122e-01  7.8989360e-01 
   341 :  2.8447178e-01  6.8420434e-01 
   342 :  8.5718334e-01  8.1258287e-01 
   343 :  7.5008441e-01  7.8143201e-01 
   344 :  7.1460103e-01  9.0687891e-01 
   345 :  7.1427402e-01  6.2722110e-02 
   346 :  9.2857057e-01  9.3767118e-02 
   347 :  4.9983940e-01  6.5131881e-02 
   348 :  7.1462822e-01  8.7570112e-01 
   349 :  9.6429234e-01  8.1251305e-01 
   350 :  6.4345033e-01  8.1387551e-01 
   351 :  3.8254658e-01  7.4746761e-01 
   352 :  6.7855053e-01  1.5671933e-01 
   353 :  4.2886869e-01  2.3084697e-01 
   354 :  6.4316395e-01  9.6930674e-01 
   355 :  7.5020356e-01  9.0665819e-01 
   356 :  6.0841764e-01  8.7756532e-01 
   357 :  8.2151250e-01  9.0641837e-01 
   358 :  1.3047580e-01  4.3093991e-01 
   359 :  9.2481758e-02  4.0001746e-01 
   360 :  1.8416716e-01  3.3000152e-01 
   361 :  3.2743992e-02  4.9377831e-01 
   362 :  6.7895097e-01  8.1334643e-01 
   363 :  6.4368061e-01  8.7667780e-01 
   364 :  5.7339959e-01  8.7885485e-01 
   365 :  5.7289477e-01  8.1635586e-01 
   366 :  8.9288975e-01  8.4381607e-01 
   367 :  9.2858569e-01  9.3752871e-01 
   368 :  9.2857916e-01  7.8126568e-01 
   369 :  9.6429217e-01  9.3751308e-01 
   370 :  6.0834429e-01  8.4639817e-01 
   371 :  5.7212772e-01  9.6986206e-01 
   372 :  9.6428928e-01  7.8125707e-01 
   373 :  3.5634978e-01  7.1057713e-02 
   374 :  6.0708820e-01  9.4827901e-02 
   375 :  4.9978539e-01  1.2942528e-01 
   376 :  8.9285563e-01  9.3779916e-02 
   377 :  3.4536666e-02  1.0872539e-01 
   378 :  6.4282918e-01  6.3026356e-02 
   379 :  9.6428540e-01  6.2505951e-02 
   380 :  1.0015879e-01  1.8740481e-01 
   381 :  7.8571150e-01  3.1299718e-02 
   382 :  7.4999662e-01  2.1883010e-01 
   383 :  1.7467687e-01  1.1395017e-01 
   384 :  1.4178142e-01  3.7490009e-02 
   385 :  7.1427916e-01  3.1369512e-02 
   386 :  4.0959728e-01  8.5740718e-01 
   387 :  3.2519566e-01  9.6920313e-01 
   388 :  2.7140168e-01  8.3729138e-01 
   389 :  3.2912219e-01  9.3863800e-01 
   390 :  7.1427576e-01  1.8773149e-01 
   391 :  9.6428547e-01  1.8750600e-01 
   392 :  5.0147215e-01  9.7055552e-01 
   393 :  4.6821250e-01  9.4169195e-01 
   394 :  4.3117395e-01  9.7078327e-01 
   395 :  4.6630053e-01  9.7077982e-01 
   396 :  5.3766203e-01  9.4041530e-01 
   397 :  5.3674373e-01  9.7021691e-01 
   398 :  8.9289252e-01  8.7507117e-01 
   399 :  8.5720020e-01  8.7511590e-01 
   400 :  4.1845460e-01  8.0846559e-01 
   401 :  1.5489389e-01  7.4853266e-01 
   402 :  3.6069879e-01  9.6995908e-01 
   403 :  3.3951124e-02  1.4504356e-01 
   404 :  2.0220400e-01  2.3792990e-01 
   405 :  9.7049357e-02  2.2540946e-01 
   406 :  4.2808984e-01  1.0129490e-01 
   407 :  5.0172352e-01  7.9237028e-01 
   408 :  5.3805455e-01  8.1916785e-01 
   409 :  5.3690614e-01  7.8621187e-01 
   410 :  4.2814725e-01  1.6762294e-01 
   411 :  7.0767659e-02  3.6703606e-02 
   412 :  8.9285614e-01  1.8752296e-01 
   413 :  3.5599998e-01  1.7924480e-01 
   414 :  7.1427041e-01  1.2532038e-01 
   415 :  3.5084663e-01  8.2148258e-01 
   416 :  7.5223994e-02  8.5795970e-01 
   417 :  1.8119154e-01  9.6590237e-01 
   418 :  4.6404158e-01  6.6241544e-02 
   419 :  1.0237000e-01  1.4947839e-01 
   420 :  3.5604002e-01  1.0680412e-01 
   421 :  6.0671295e-02  4.1254745e-01 
   422 :  3.4184311e-02  5.6680981e-01 
   423 :  6.6685508e-02  5.2475868e-01 
   424 :  3.3449740e-02  5.3032383e-01 
   425 :  2.2095416e-01  3.3781452e-01 
   426 :  7.8570862e-01  1.5637205e-01 
   427 :  8.5714038e-01  9.3798669e-02 
   428 :  2.0880958e-01  1.5369178e-01 
   429 :  6.0711856e-01  3.1676827e-02 
   430 :  3.1988692e-01  2.2667212e-01 
   431 :  6.0709334e-01  1.5741184e-01 
   432 :  6.9807954e-02  5.9924286e-01 
   433 :  3.5008550e-02  6.0326482e-01 
   434 :  4.6428553e-01  2.2458588e-01 
   435 :  2.4409366e-01  6.1201799e-01 
   436 :  1.9473904e-01  5.0541188e-01 
   437 :  2.2613311e-01  5.3941628e-01 
   438 :  2.2348436e-01  5.0243679e-01 
   439 :  8.9285577e-01  1.5628001e-01 
   440 :  2.6044687e-01  6.4812937e-01 
   441 :  5.2990116e-02  3.2447585e-01 
   442 :  2.6822389e-02  3.2238079e-01 
   443 :  3.1856660e-02  4.5725143e-01 
   444 :  1.3098623e-01  4.7392461e-01 
   445 :  1.8391502e-01  9.3174858e-01 
   446 :  4.0243778e-01  9.1247571e-01 
   447 :  4.6009522e-01  7.8205688e-01 
   448 :  4.2496517e-01  7.8735325e-01 
   449 :  4.3963519e-01  7.6960885e-01 
   450 :  2.1741045e-01  9.6660108e-01 
   451 :  1.1020592e-01  9.2982834e-01 
   452 :  3.7255984e-01  8.8210033e-01 
   453 :  2.5724091e-01  9.3494602e-01 
   454 :  7.8570811e-01  9.3870807e-02 
   455 :  1.0521544e-01  7.4378635e-02 
   456 :  6.0710707e-01  1.8842407e-01 
   457 :  3.0269907e-01  8.7444384e-01 
   458 :  2.2069346e-01  9.3320416e-01 
   459 :  1.9581461e-01  7.0813969e-01 
   460 :  1.0398247e-01  1.1180136e-01 
   461 :  3.9220023e-01  1.7292579e-01 
   462 :  6.4325408e-02  2.2126584e-01 
   463 :  8.2142538e-01  6.2558874e-02 
   464 :  1.0742159e-01  6.3305209e-01 
   465 :  1.0168868e-01  5.5722026e-01 
   466 :  1.0430976e-01  5.9508738e-01 
   467 :  1.1476327e-01  7.4810052e-01 
   468 :  7.6167356e-02  7.8536233e-01 
   469 :  1.9736439e-01  7.5065176e-01 
   470 :  3.5370565e-02  3.6215349e-02 
   471 :  7.1427101e-01  9.4042764e-02 
   472 :  1.3913162e-01  1.1307989e-01 
   473 :  1.1642776e-01  3.0878533e-01 
   474 :  9.6461155e-02  4.4083997e-01 
   475 :  8.0822133e-02  3.6929149e-01 
   476 :  2.4692108e-01  1.1357548e-01 
   477 :  4.9979429e-01  9.7446314e-02 
   478 :  1.3064728e-01  2.2998355e-01 
   479 :  1.1335519e-01  7.0978231e-01 
   480 :  1.1065228e-01  6.7129707e-01 
   481 :  2.4553189e-01  1.5307635e-01 
   482 :  8.5714084e-01  6.2537195e-02 
   483 :  1.3007295e-01  3.7541616e-01 
   484 :  4.9941429e-02  3.5228793e-01 
   485 :  8.9288226e-01  9.3755016e-01 
   486 :  6.7894261e-01  9.3821118e-01 
   487 :  6.7905900e-01  9.0721124e-01 
   488 :  6.0801098e-01  9.3904177e-01 
   489 :  9.2859027e-01  8.4378774e-01 
   490 :  4.6412065e-01  1.9474726e-01 
   491 :  1.1428069e-01  8.2262621e-01 
   492 :  1.4705224e-01  9.3063197e-01 
   493 :  3.7153003e-02  8.9323004e-01 
   494 :  8.5714060e-01  1.5629889e-01 
   495 :  6.7854784e-01  1.2549927e-01 
   496 :  5.0481028e-01  8.5352081e-01 
   497 :  5.3876042e-01  8.8060593e-01 
   498 :  5.3868996e-01  8.5029903e-01 
   499 :  9.2857087e-01  1.8751315e-01 
   500 :  9.6428533e-01  9.3757765e-02 
   501 :  1.7147566e-01  5.8623834e-01 
   502 :  1.4827487e-01  6.6859564e-01 
   503 :  1.4300786e-01  6.2934790e-01 
   504 :  4.3622568e-01  9.1317934e-01 
   505 :  1.1171946e-01  8.9449814e-01 
   506 :  5.7136107e-01  6.3711635e-02 
   507 :  2.9341382e-01  9.3682495e-01 
   508 :  1.8676619e-01  8.9736767e-01 
   509 :  3.3823320e-01  8.7865267e-01 
   510 :  5.7220579e-01  7.8374209e-01 
   511 :  5.0394905e-01  9.1186361e-01 
   512 :  5.3837309e-01  9.1057308e-01 
   513 :  8.2142446e-01  1.2508375e-01 
   514 :  7.4999118e-01  1.5644123e-01 
   515 :  2.3756383e-01  7.9545939e-01 
   516 :  1.0243748e-01  3.4590440e-01 
   517 :  4.7188566e-01  8.3015270e-01 
   518 :  4.7138198e-01  8.8453529e-01 
   519 :  4.7222472e-01  8.5685557e-01 
   520 :  8.2142677e-01  3.1281776e-02 
   521 :  1.6676302e-01  5.4787365e-01 
   522 :  1.4058825e-01  7.5129791e-02 
   523 :  9.2857053e-01  1.2501858e-01 
   524 :  3.3167104e-02  1.8137493e-01 
   525 :  4.6995219e-01  9.1288652e-01 
   526 :  6.7856132e-01  3.1433948e-02 
   527 :  4.6415272e-01  3.3165248e-02 
   528 :  9.2857073e-01  6.2513096e-02 
   529 :  4.4351530e-01  8.1116359e-01 
   530 :  3.7551615e-02  8.5746425e-01 
   531 :  8.5714027e-01  1.2505282e-01 
   532 :  5.7134348e-01  9.5395794e-02 
   533 :  8.9288199e-01  8.1255082e-01 
   534 :  9.6429431e-01  9.0626722e-01 
   535 :  7.1452899e-01  8.1302763e-01 
   536 :  9.2859015e-01  9.0628767e-01 
   537 :  8.2149292e-01  9.3762805e-01 
   538 :  9.2859182e-01  8.7504081e-01 
   539 :  3.5058027e-01  7.3203561e-01 
   540 :  3.5941067e-01  7.9473857e-01 
   541 :  2.2422910e-01  8.9966691e-01 
   542 :  8.2151919e-01  8.7518385e-01 
   543 :  4.9981679e-01  1.6090314e-01 
   544 :  2.8172112e-01  1.9166709e-01 
   545 :  8.9288989e-01  9.0631560e-01 
   546 :  1.3468965e-01  5.5244978e-01 
   547 :  2.2812891e-01  8.6579507e-01 
   548 :  1.0866581e-01  9.6495381e-01 
   549 :  3.0859415e-01  8.4371438e-01 
   550 :  3.1585912e-01  8.1351770e-01 
   551 :  1.3227511e-01  5.1378087e-01 
   552 :  1.7113079e-01  3.7837970e-01 
   553 :  9.9677568e-02  5.1914702e-01 
   554 :  1.0622826e-01  3.7143468e-02 
   555 :  3.9206181e-01  1.3849333e-01 
   556 :  6.7855338e-01  6.2842796e-02 
   557 :  6.7854872e-01  9.4203791e-02 
   558 :  1.3721095e-01  1.5149056e-01 
   559 :  1.4920389e-01  8.9566712e-01 
   560 :  7.2423762e-02  9.6466574e-01 
   561 :  6.0708630e-01  1.2620881e-01 
   562 :  1.9542718e-01  2.8368388e-01 
   563 :  1.5889752e-01  2.7711400e-01 
   564 :  3.6998355e-01  7.6985906e-01 
   565 :  2.3498938e-01  2.8969382e-01 
   566 :  8.5714120e-01  1.8753746e-01 
   567 :  5.4910366e-02  3.7989708e-01 
   568 :  1.6415588e-01  5.0915017e-01 
   569 :  3.2504069e-01  7.8424744e-01 
   570 :  3.2085727e-01  3.6292686e-02 
   571 :  6.4282195e-01  9.4451038e-02 
   572 :  9.6428532e-01  1.2500844e-01 
   573 :  5.3559652e-01  1.5917132e-01 
   574 :  3.4392917e-01  8.4958372e-01 
   575 :  7.5869080e-02  8.2186109e-01 
   576 :  8.2142497e-01  1.5632763e-01 
   577 :  3.9916916e-01  9.4126249e-01 
   578 :  1.5131724e-01  8.6026324e-01 
   579 :  2.6593423e-01  8.6995722e-01 
   580 :  6.0709943e-01  6.3302573e-02 
   581 :  1.6556541e-01  2.3445375e-01 
   582 :  3.5587554e-01  1.4282328e-01 
   583 :  2.3293644e-01  5.7589291e-01 
   584 :  4.6898489e-01  8.0490584e-01 
   585 :  7.3419198e-02  9.2927123e-01 
   586 :  2.6130959e-01  9.0247964e-01 
   587 :  6.4282065e-01  1.2577738e-01 
   588 :  8.6641076e-02  2.9876427e-01 
   589 :  1.6571557e-01  4.2632037e-01 
   590 :  7.8584522e-01  8.4402027e-01 
   591 :  4.6396917e-01  9.9118276e-02 
   592 :  3.9600318e-01  9.7050639e-01 
   593 :  7.5015576e-01  9.3780757e-01 
   594 :  9.2857066e-01  1.5626718e-01 
   595 :  3.8337356e-01  8.2773844e-01 
   596 :  7.8480190e-02  3.2987008e-01 
   597 :  1.6983148e-01  1.9310783e-01 
   598 :  2.3104049e-01  4.2684517e-01 
   599 :  4.9988329e-01  1.9167039e-01 
   600 :  2.0324462e-01  5.8129358e-01 
   601 :  8.2142593e-01  1.8755958e-01 
   602 :  2.4969011e-01  7.1022567e-01 
   603 :  7.8576827e-01  7.8136435e-01 
   604 :  9.6428538e-01  1.5625782e-01 
   605 :  7.1441606e-01  9.6900094e-01 
   606 :  7.5008442e-01  9.6891488e-01 
   607 :  7.8576884e-01  9.6885731e-01 
   608 :  8.2146353e-01  9.6881911e-01 
   609 :  8.5716496e-01  9.6879397e-01 
   610 :  8.9287072e-01  9.6877713e-01 
   611 :  9.2857911e-01  9.6876545e-01 
   612 :  9.6428919e-01  9.6875701e-01 
   613 :  7.8571210e-01  2.1880092e-01 
   614 :  8.2142717e-01  2.1878234e-01 
   615 :  8.5714198e-01  2.1877034e-01 
   616 :  8.9285660e-01  2.1876245e-01 
   617 :  9.2857112e-01  2.1875713e-01 
   618 :  9.6428558e-01  2.1875326e-01 
   619 :  3.6692530e-02  9.2887986e-01 
   620 :  3.6205014e-02  9.6445598e-01 
Number of edges 150 
     0 :      0      8 
     1 :      8     22 
     2 :     22     21 
     3 :     21     23 
     4 :     23     20 
     5 :     20     24 
     6 :     24     19 
     7 :     19     25 
     8 :     25     18 
     9 :     18     26 
    10 :     26     17 
    11 :     17     27 
    12 :     27     16 
    13 :     16     28 
    14 :     28     15 
    15 :     15     29 
    16 :     29     14 
    17 :     14     30 
    18 :     30     13 
    19 :     13     31 
    20 :     31     12 
    21 :     12     32 
    22 :     32     11 
    23 :     11     33 
    24 :     33     10 
    25 :     10     34 
    26 :     34      9 
    27 :      9      1 
    28 :      2     35 
    29 :     35     49 
    30 :     49     48 
    31 :     48     50 
    32 :     50     47 
    33 :     47     51 
    34 :     51     46 
    35 :     46     52 
    36 :     52     45 
    37 :     45     53 
    38 :     53     44 
    39 :     44     54 
    40 :     54     43 
    41 :     43     55 
    42 :     55     42 
    43 :     42     56 
    44 :     56     41 
    45 :     41     57 
    46 :     57     40 
    47 :     40     58 
    48 :     58     39 
    49 :     39     59 
    50 :     59     38 
    51 :     38     60 
    52 :     60     37 
    53 :     37     61 
    54 :     61     36 
    55 :     36      0 
    56 :      3     62 
    57 :     62     66 
    58 :     66     63 
    59 :     63     67 
    60 :     67     64 
    61 :     64     68 
    62 :     68     65 
    63 :     65      2 
    64 :      3     69 
    65 :     69     76 
    66 :     76     70 
    67 :     70     77 
    68 :     77     71 
    69 :     71     78 
    70 :     78     72 
    71 :     72     79 
    72 :     79     73 
    73 :     73     80 
    74 :     80     74 
    75 :     74     81 
    76 :     81     75 
    77 :     75      4 
    78 :      4     82 
    79 :     82     93 
    80 :     93     92 
    81 :     92     94 
    82 :     94     91 
    83 :     91     95 
    84 :     95     90 
    85 :     90     96 
    86 :     96     89 
    87 :     89     97 
    88 :     97     88 
    89 :     88     98 
    90 :     98     87 
    91 :     87     99 
    92 :     99     86 
    93 :     86    100 
    94 :    100     85 
    95 :     85    101 
    96 :    101     84 
    97 :     84    102 
    98 :    102     83 
    99 :     83      5 
   100 :      5    103 
   101 :    103    110 
   102 :    110    104 
   103 :    104    111 
   104 :    111    105 
   105 :    105    112 
   106 :    112    106 
   107 :    106    113 
   108 :    113    107 
   109 :    107    114 
   110 :    114    108 
   111 :    108    115 
   112 :    115    109 
   113 :    109      6 
   114 :      7    116 
   115 :    116    120 
   116 :    120    117 
   117 :    117    121 
   118 :    121    118 
   119 :    118    122 
   120 :    122    119 
   121 :    119      6 
   122 :      1    123 
   123 :    123    137 
   124 :    137    136 
   125 :    136    138 
   126 :    138    135 
   127 :    135    139 
   128 :    139    134 
   129 :    134    140 
   130 :    140    133 
   131 :    133    141 
   132 :    141    132 
   133 :    132    142 
   134 :    142    131 
   135 :    131    143 
   136 :    143    130 
   137 :    130    144 
   138 :    144    129 
   139 :    129    145 
   140 :    145    128 
   141 :    128    146 
   142 :    146    127 
   143 :    127    147 
   144 :    147    126 
   145 :    126    148 
   146 :    148    125 
   147 :    125    149 
   148 :    149    124 
   149 :    124      7 
Number of quads 545 
     0 :    315    276    406    166
     1 :    220    280    276    315
     2 :    468    246    467    302
     3 :    507    208    215    389
     4 :    210    177    350    362
     5 :    365    408    409    510
     6 :    608    607    239    537
     7 :    609    608    537    182
     8 :    357    319    307    542
     9 :    304    303    240    342
    10 :    327    209     73     79
    11 :     64    534    238     67
    12 :    280    527    418    276
    13 :    286    570    253    285
    14 :    136    138    384    554
    15 :    412    499    617    616
    16 :    216    431    456    218
    17 :    313    316    103      5
    18 :    316    314    110    103
    19 :    454    270    513    213
    20 :    260    323    100     86
    21 :    598    317     99     87
    22 :    534    536    538    238
    23 :    305    512    497    364
    24 :    183    603     78     71
    25 :    356    364    250    370
    26 :    124      7    116    271
    27 :    314    322    104    110
    28 :    322    321    111    104
    29 :    219    334    168    544
    30 :    587    495    352    243
    31 :    323    326     85    100
    32 :    326    324    101     85
    33 :    470    411    202    245
    34 :    319    355    294    307
    35 :    590    252    178    180
    36 :    181    354    249    486
    37 :    603    343     72     78
    38 :    385    331    232    345
    39 :    212    286    285    255
    40 :    495    414    296    352
    41 :    403    273    160    524
    42 :    144    129    429    191
    43 :    321    335    105    111
    44 :    335    333    112    105
    45 :    148    125    299    165
    46 :    186    337    338    336
    47 :    336    338     18     26
    48 :    338    301     25     18
    49 :    337    187    301    338
    50 :    491    302    300    274
    51 :    541    547    579    586
    52 :    238    538    489    329
    53 :    251    293    356    363
    54 :    366    304    342    533
    55 :    252    308    535    178
    56 :    375    162    573    543
    57 :    471    193    298    414
    58 :    384    203    175    522
    59 :    344    487    320    348
    60 :    249    488    293    251
    61 :    606    605    157    593
    62 :    487    251    363    320
    63 :    515    222    269    268
    64 :    459    224    502    225
    65 :    276    418    591    406
    66 :    201    218    314    316
    67 :    277     84    101    324
    68 :    391    122    119    618
    69 :    128    146    385    526
    70 :    213    513    576    426
    71 :    398    399    304    366
    72 :    510    409     75     81
    73 :     44     54    371    328
    74 :    342    240    183    306
    75 :    610    609    182    485
    76 :    537    239    319    357
    77 :    607    606    593    239
    78 :    239    593    355    319
    79 :    270    427    531    513
    80 :    125    149    195    299
    81 :    483    516    473    163
    82 :    163    563    562    360
    83 :    442    287     30     13
    84 :    516    475    198    596
    85 :    159    533    211    368
    86 :    372    368     76     69
    87 :    328    371    184    488
    88 :     45     53    354    181
    89 :    178    535    327    343
    90 :    157    486    487    344
    91 :     66    349    372     62
    92 :    306    183     71     77
    93 :    612    611    367    369
    94 :    184    396    512    305
    95 :    294    348    308    252
    96 :    179    365    510    318
    97 :     52     45    181    605
    98 :    176    318     74     80
    99 :     53     44    328    354
   100 :    343    327     79     72
   101 :    309    150    277    324
   102 :    290    597    581    478
   103 :    477    207    162    375
   104 :    206    428    161    597
   105 :    165    299    233    482
   106 :    203    231    244    175
   107 :    571    557    495    587
   108 :    597    161    404    581
   109 :    500    117    121    572
   110 :    482    233    376    427
   111 :    420    166    555    582
   112 :    499    391    618    617
   113 :    381    520    463    194
   114 :    456    325    321    322
   115 :    245    202    254    377
   116 :    532    374    561    310
   117 :    204    506    532    207
   118 :    134    140    286    212
   119 :    133    141    167    570
   120 :    505    275    578    559
   121 :     40    387    402     57
   122 :    404    217    565    562
   123 :    106    112    333    382
   124 :    428    481    281    161
   125 :     56    394    395     42
   126 :     42    395    392     55
   127 :    395    393    156    392
   128 :    394    196    393    395
   129 :     55    392    397     43
   130 :     63    329    349     66
   131 :    355    344    348    294
   132 :    392    156    396    397
   133 :    177    370    179    350
   134 :    293    305    364    356
   135 :    488    184    305    293
   136 :    349    159    368    372
   137 :    400    448    205    529
   138 :    450    458    453    214
   139 :     57    402    592     41
   140 :    575    468    302    491
   141 :    244    255    476    192
   142 :    127    147    381    331
   143 :    243    352    312    325
   144 :    535    362    209    327
   145 :     75    409    407      4
   146 :    409    408    199    407
   147 :    320    363    177    210
   148 :    594    604    391    499
   149 :    520    165    482    463
   150 :    126    148    165    520
   151 :    576    494    566    601
   152 :    331    381    194    232
   153 :    272    375    543    288
   154 :    380    290    478    405
   155 :    332    272    288    410
   156 :    416    575    491    275
   157 :    341    440     90     95
   158 :    509    574    172    452
   159 :    561    587    243    431
   160 :    411    554    455    202
   161 :    141    132    220    167
   162 :     11    524    230     32
   163 :    346    500    572    523
   164 :    347    204    207    477
   165 :    288    543    599    490
   166 :    424    422     27     16
   167 :    424    423    155    422
   168 :    226    361    443    266
   169 :    516    596    588    473
   170 :    483    163    360    552
   171 :    278    173    317    598
   172 :    427    376    289    531
   173 :    218    456    322    314
   174 :    572    121    118    604
   175 :    531    289    439    494
   176 :    514    426    241    311
   177 :    555    332    410    461
   178 :    140    133    570    286
   179 :     34    245    377     10
   180 :    132    142    280    220
   181 :    160    380    405    462
   182 :    481    219    544    281
   183 :    193    454    213    298
   184 :    388    268    550    549
   185 :    559    578    257    508
   186 :    155    432    433    422
   187 :    422    433     17     27
   188 :    433    336     26     17
   189 :    432    186    336    433
   190 :    277    353    102     84
   191 :    434    313      5     83
   192 :    437    438     88     97
   193 :    598     87     98    279
   194 :    438    436    174    279
   195 :    546    465    553    551
   196 :    146    127    331    385
   197 :    285    253    284    242
   198 :    386    170    223    258
   199 :     90    440    435     96
   200 :    185    282    435    440
   201 :    492    559    508    445
   202 :    261     29     14    154
   203 :     12     32    230    237
   204 :    265    226    266    474
   205 :    596    198    484    441
   206 :    163    473    264    563
   207 :    552    173    278    589
   208 :    474    266    421    359
   209 :    248    452    247    446
   210 :    275    491    274    578
   211 :    229    256    246    468
   212 :    274    300    340    221
   213 :    205    448    449    447
   214 :    447    449     82      4
   215 :    449    339     93     82
   216 :    448    169    339    449
   217 :    415    540    235    595
   218 :    467    479    224    401
   219 :    579    388    549    457
   220 :    530    227    575    416
   221 :    446    247    197    504
   222 :     37    548    267     60
   223 :     38    417    450     59
   224 :    257    221    171    547
   225 :    620    619    585    560
   226 :    445    508    541    458
   227 :    166    406    332    555
   228 :    582    555    461    413
   229 :    194    463    270    454
   230 :    267    492    445    417
   231 :    602    185    440    341
   232 :    578    274    221    257
   233 :    292    291    539    234
   234 :    145    128    526    200
   235 :    543    573    201    599
   236 :    490    599    313    434
   237 :    168    413    309    430
   238 :    186    432    466    464
   239 :    263    416    275    505
   240 :    432    155    465    466
   241 :    389    215    248    228
   242 :    172    595    170    386
   243 :     21     23    530    493
   244 :    586    579    457    208
   245 :    556    345    471    557
   246 :    383    192    428    206
   247 :    373    315    166    420
   248 :    599    201    316    313
   249 :    237    230    462    236
   250 :    237    153     31     12
   251 :    358    589    188    444
   252 :    424     16     28    361
   253 :    150    295    353    277
   254 :    431    243    325    456
   255 :    130    144    191    297
   256 :    129    145    200    429
   257 :    187    337    480    479
   258 :    234    539    351    564
   259 :    503    464    466    262
   260 :    337    186    464    480
   261 :    312    390    333    335
   262 :    429    200    378    580
   263 :    461    410    295    150
   264 :    528    379    500    346
   265 :    260     86     99    317
   266 :    425    260    317    173
   267 :    358    444    265    474
   268 :    370    250    365    179
   269 :    364    497    498    250
   270 :    307    294    252    590
   271 :    605    181    486    157
   272 :     62    372     69      3
   273 :    217    330    323    565
   274 :    149    124    271    195
   275 :    455    522    472    460
   276 :    460    472    558    419
   277 :    585    263    505    451
   278 :     39    214    151     58
   279 :    502    224    479    480
   280 :    402    228    577    592
   281 :    175    244    192    383
   282 :    379    120    117    500
   283 :     10    377    403     33
   284 :    123    137    411    470
   285 :    199    408    498    496
   286 :    496    498    497    158
   287 :    593    157    344    355
   288 :    211    306     77     70
   289 :    573    216    218    201
   290 :    522    175    383    472
   291 :    192    476    481    428
   292 :    341     95     91    291
   293 :    283    503    262    501
   294 :    501    521    259    600
   295 :     58    151    387     40
   296 :    228    248    446    577
   297 :     61    560    548     37
   298 :     36    620    560     61
   299 :    138    135    203    384
   300 :    241    601    614    613
   301 :    378    556    557    571
   302 :    527    190    347    418
   303 :     24     19    256    229
   304 :    569    234    564    540
   305 :    508    257    547    541
   306 :    451    505    559    492
   307 :    329    489    159    349
   308 :    209    176     80     73
   309 :    512    511    158    497
   310 :    396    156    511    512
   311 :    147    126    520    381
   312 :    143    130    297    190
   313 :    256    301    187    246
   314 :    592    577    196    394
   315 :    548    451    492    267
   316 :    552    360    425    173
   317 :    153    442     13     31
   318 :    359    421    567    475
   319 :    443     15     29    261
   320 :    158    518    519    496
   321 :    496    519    517    199
   322 :    519    258    223    517
   323 :    518    197    258    519
   324 :    289    523    594    439
   325 :    231    212    255    244
   326 :    566    412    616    615
   327 :    513    531    494    576
   328 :    521    546    551    568
   329 :    502    480    464    503
   330 :    195    271    379    528
   331 :    494    439    412    566
   332 :    139    134    212    231
   333 :    156    393    525    511
   334 :    511    525    518    158
   335 :    525    504    197    518
   336 :    393    196    504    525
   337 :    167    220    315    373
   338 :    591    477    375    272
   339 :    330    430    326    323
   340 :    430    309    324    326
   341 :    214    453    507    151
   342 :    458    541    586    453
   343 :    619    493    263    585
   344 :    171    515    268    388
   345 :    352    296    390    312
   346 :      1    123    470      9
   347 :    418    347    477    591
   348 :      9    470    245     34
   349 :    536    545    398    538
   350 :     67    238    329     63
   351 :    362    350    176    209
   352 :    545    189    399    398
   353 :    303    590    180    240
   354 :    308    210    362    535
   355 :    182    537    357    189
   356 :     68    369    534     64
   357 :    350    179    318    176
   358 :    371    397    396    184
   359 :    180    178    343    603
   360 :    538    398    366    489
   361 :    540    564    169    235
   362 :     20     24    229    227
   363 :    170    400    529    223
   364 :    489    366    533    159
   365 :    363    356    370    177
   366 :     65    612    369     68
   367 :    189    357    542    399
   368 :    255    285    242    476
   369 :    589    278    174    188
   370 :    476    242    219    481
   371 :    190    297    204    347
   372 :    240    180    603    183
   373 :    368    211     70     76
   374 :    399    542    303    304
   375 :    486    249    251    487
   376 :    235    169    448    400
   377 :    501    262    546    521
   378 :     60    267    417     38
   379 :    600    259    437    583
   380 :     23     20    227    530
   381 :    291     91     94    539
   382 :    567    154    287    484
   383 :    423    553    465    155
   384 :    152    588    164    236
   385 :    604    118    122    391
   386 :    524    160    462    230
   387 :    581    404    562    563
   388 :    376    346    523    289
   389 :    523    572    604    594
   390 :    506    580    374    532
   391 :    113    106    382    613
   392 :    414    298    514    296
   393 :    453    586    208    507
   394 :    302    467    401    300
   395 :    300    401    469    340
   396 :    340    469    222    515
   397 :    360    562    565    425
   398 :    390    311    382    333
   399 :    297    191    506    204
   400 :    426    576    601    241
   401 :    444    551    553    265
   402 :    271    116    120    379
   403 :    225    502    503    283
   404 :    246    187    479    467
   405 :    227    229    468    575
   406 :    553    423    226    265
   407 :    298    213    426    514
   408 :    232    194    454    193
   409 :    284    420    582    334
   410 :    601    566    615    614
   411 :    423    424    361    226
   412 :    236    462    405    152
   413 :    266    443    261    421
   414 :    475    567    484    198
   415 :    444    188    568    551
   416 :    154     14     30    287
   417 :    521    568    436    259
   418 :    221    340    515    171
   419 :    269    292    234    569
   420 :    602    341    291    292
   421 :    253    373    420    284
   422 :    345    232    193    471
   423 :    207    532    310    162
   424 :    135    139    231    203
   425 :    554    384    522    455
   426 :    296    514    311    390
   427 :     33    403    524     11
   428 :    162    310    216    573
   429 :    558    206    597    290
   430 :    419    558    290    380
   431 :    574    415    595    172
   432 :    595    235    400    170
   433 :    550    569    540    415
   434 :    557    471    414    495
   435 :    311    241    613    382
   436 :    295    490    434    353
   437 :     22     21    493    619
   438 :     19     25    301    256
   439 :    202    455    460    254
   440 :    570    167    373    253
   441 :    299    195    528    233
   442 :    472    383    206    558
   443 :    142    131    527    280
   444 :    583     89     96    435
   445 :    583    437     97     89
   446 :    351     92     93    339
   447 :    205    447    584    529
   448 :    529    584    517    223
   449 :    584    407    199    517
   450 :    447      4    407    584
   451 :     41    592    394     56
   452 :     59    450    214     39
   453 :    268    269    569    550
   454 :    539     94     92    351
   455 :    564    351    339    169
   456 :    225    283    282    185
   457 :    469    459    602    222
   458 :    577    446    504    196
   459 :    549    550    415    574
   460 :    325    312    335    321
   461 :    377    254    273    403
   462 :    439    594    499    412
   463 :    164    441    442    153
   464 :    236    164    153    237
   465 :    473    588    152    264
   466 :    483    359    475    516
   467 :    483    358    474    359
   468 :    250    498    408    365
   469 :    533    342    306    211
   470 :    348    320    210    308
   471 :    526    385    345    556
   472 :    410    288    490    295
   473 :    242    284    334    219
   474 :    191    429    580    506
   475 :    151    507    389    387
   476 :    547    171    388    579
   477 :    208    457    509    215
   478 :     54     43    397    371
   479 :    354    328    488    249
   480 :    542    307    590    303
   481 :    369    367    536    534
   482 :    318    510     81     74
   483 :    413    461    150    309
   484 :    137    136    554    411
   485 :    233    528    346    376
   486 :    560    585    451    548
   487 :    401    224    459    469
   488 :    247    386    258    197
   489 :    452    172    386    247
   490 :    259    436    438    437
   491 :    425    565    323    260
   492 :    188    174    436    568
   493 :    421    261    154    567
   494 :    282    600    583    435
   495 :    152    405    478    264
   496 :    483    552    589    358
   497 :    588    596    441    164
   498 :    215    509    452    248
   499 :    493    530    416    263
   500 :    254    460    419    273
   501 :    200    526    556    378
   502 :    374    571    587    561
   503 :    273    419    380    160
   504 :    406    591    272    332
   505 :    417    445    458    450
   506 :    457    549    574    509
   507 :    602    459    225    185
   508 :    353    434     83    102
   509 :     98     88    438    279
   510 :    441    484    287    442
   511 :    279    174    278    598
   512 :    131    143    190    527
   513 :    334    582    413    168
   514 :    161    281    217    404
   515 :    262    466    465    546
   516 :    283    501    600    282
   517 :    387    389    228    402
   518 :    463    482    427    270
   519 :    361     28     15    443
   520 :    580    378    571    374
   521 :    478    581    563    264
   522 :    222    602    292    269
   523 :    367    485    545    536
   524 :    611    610    485    367
   525 :    485    182    189    545
   526 :    281    544    330    217
   527 :    310    561    431    216
   528 :    544    168    430    330
   529 :     46     52    605    606
   530 :     51     46    606    607
   531 :     47     51    607    608
   532 :     50     47    608    609
   533 :     48     50    609    610
   534 :     49     48    610    611
   535 :     35     49    611    612
   536 :      2     35    612     65
   537 :    107    113    613    614
   538 :    114    107    614    615
   539 :    108    114    615    616
   540 :    115    108    616    617
   541 :    109    115    617    618
   542 :      6    109    618    119
   543 :      8     22    619    620
   544 :      0      8    620     36
Number of domains 8
  Domain :      0 
  Name : Symmetry
  Number of elements :     28
     0     1     2     3     4     5     6     7     8     9
    10    11    12    13    14    15    16    17    18    19
    20    21    22    23    24    25    26    27
  Domain :      1 
  Name : Entity 1 
  Number of elements :     28
    28    29    30    31    32    33    34    35    36    37
    38    39    40    41    42    43    44    45    46    47
    48    49    50    51    52    53    54    55
  Domain :      2 
  Name : Entity 2 
  Number of elements :      8
    56    57    58    59    60    61    62    63
  Domain :      3 
  Name : Entity 3 
  Number of elements :     14
    64    65    66    67    68    69    70    71    72    73
    74    75    76    77
  Domain :      4 
  Name : Entity 4 
  Number of elements :     22
    78    79    80    81    82    83    84    85    86    87
    88    89    90    91    92    93    94    95    96    97
    98    99
  Domain :      5 
  Name : Entity 5 
  Number of elements :     14
   100   101   102   103   104   105   106   107   108   109
   110   111   112   113
  Domain :      6 
  Name : Entity 6 
  Number of elements :      8
   114   115   116   117   118   119   120   121
  Domain :      7 
  Name : Bottom
  Number of elements :     28
   122   123   124   125   126   127   128   129   130   131
   132   133   134   135   136   137   138   139   140   141
   142   143   144   145   146   147   148   149
