Number of nodes 621 
     0 :  0.0000000e+00  1.0000000e+00 
     1 :  0.0000000e+00  0.0000000e+00 
     2 :  1.0000000e+00  1.0000000e+00 
     3 :  1.0000000e+00  7.5000000e-01 
     4 :  5.0000000e-01  7.5000000e-01 
     5 :  5.0000000e-01  2.5000000e-01 
     6 :  1.0000000e+00  2.5000000e-01 
     7 :  1.0000000e+00  0.0000000e+00 
     8 :  0.0000000e+00  9.6428571e-01 
     9 :  0.0000000e+00  3.5714286e-02 
    10 :  0.0000000e+00  1.0714286e-01 
    11 :  0.0000000e+00  1.7857143e-01 
    12 :  0.0000000e+00  2.5000000e-01 
    13 :  0.0000000e+00  3.2142857e-01 
    14 :  0.0000000e+00  3.9285714e-01 
    15 :  0.0000000e+00  4.6428571e-01 
    16 :  0.0000000e+00  5.3571429e-01 
    17 :  0.0000000e+00  6.0714286e-01 
    18 :  0.0000000e+00  6.7857143e-01 
    19 :  0.0000000e+00  7.5000000e-01 
    20 :  0.0000000e+00  8.2142857e-01 
    21 :  0.0000000e+00  8.9285714e-01 
    22 :  0.0000000e+00  9.2857143e-01 
    23 :  0.0000000e+00  8.5714286e-01 
    24 :  0.0000000e+00  7.8571429e-01 
    25 :  0.0000000e+00  7.1428571e-01 
    26 :  0.0000000e+00  6.4285714e-01 
    27 :  0.0000000e+00  5.7142857e-01 
    28 :  0.0000000e+00  5.0000000e-01 
    29 :  0.0000000e+00  4.2857143e-01 
    30 :  0.0000000e+00  3.5714286e-01 
    31 :  0.0000000e+00  2.8571429e-01 
    32 :  0.0000000e+00  2.1428571e-01 
    33 :  0.0000000e+00  1.4285714e-01 
    34 :  0.0000000e+00  7.1428571e-02 
    35 :  9.6428571e-01  1.0000000e+00 
    36 :  3.5714286e-02  1.0000000e+00 
    37 :  1.0714286e-01  1.0000000e+00 
    38 :  1.7857143e-01  1.0000000e+00 
    39 :  2.5000000e-01  1.0000000e+00 
    40 :  3.2142857e-01  1.0000000e+00 
    41 :  3.9285714e-01  1.0000000e+00 
    42 :  4.6428571e-01  1.0000000e+00 
    43 :  5.3571429e-01  1.0000000e+00 
    44 :  6.0714286e-01  1.0000000e+00 
    45 :  6.7857143e-01  1.0000000e+00 
    46 :  7.5000000e-01  1.0000000e+00 
    47 :  8.2142857e-01  1.0000000e+00 
    48 :  8.9285714e-01  1.0000000e+00 
    49 :  9.2857143e-01  1.0000000e+00 
    50 :  8.5714286e-01  1.0000000e+00 
    51 :  7.8571429e-01  1.0000000e+00 
    52 :  7.1428571e-01  1.0000000e+00 
    53 :  6.4285714e-01  1.0000000e+00 
    54 :  5.7142857e-01  1.0000000e+00 
    55 :  5.0000000e-01  1.0000000e+00 
    56 :  4.2857143e-01  1.0000000e+00 
    57 :  3.5714286e-01  1.0000000e+00 
    58 :  2.8571429e-01  1.0000000e+00 
    59 :  2.1428571e-01  1.0000000e+00 
    60 :  1.4285714e-01  1.0000000e+00 
    61 :  7.1428571e-02  1.0000000e+00 
    62 :  1.0000000e+00  7.8125000e-01 
    63 :  1.0000000e+00  8.4375000e-01 
    64 :  1.0000000e+00  9.0625000e-01 
    65 :  1.0000000e+00  9.6875000e-01 
    66 :  1.0000000e+00  8.1250000e-01 
    67 :  1.0000000e+00  8.7500000e-01 
    68 :  1.0000000e+00  9.3750000e-01 
    69 :  9.6428571e-01  7.5000000e-01 
    70 :  8.9285714e-01  7.5000000e-01 
    71 :  8.2142857e-01  7.5000000e-01 
    72 :  7.5000000e-01  7.5000000e-01 
    73 :  6.7857143e-01  7.5000000e-01 
    74 :  6.0714286e-01  7.5000000e-01 
    75 :  5.3571429e-01  7.5000000e-01 
    76 :  9.2857143e-01  7.5000000e-01 
    77 :  8.5714286e-01  7.5000000e-01 
    78 :  7.8571429e-01  7.5000000e-01 
    79 :  7.1428571e-01  7.5000000e-01 
    80 :  6.4285714e-01  7.5000000e-01 
    81 :  5.7142857e-01  7.5000000e-01 
    82 :  4.6442129e-01  7.4745536e-01 
    83 :  4.6442129e-01  2.5254464e-01 
    84 :  3.9614625e-01  2.7259200e-01 
    85 :  3.3628482e-01  3.1106261e-01 
    86 :  2.8968662e-01  3.6483980e-01 
    87 :  2.6012676e-01  4.2956686e-01 
    88 :  2.5000000e-01  5.0000000e-01 
    89 :  2.6012676e-01  5.7043314e-01 
    90 :  2.8968662e-01  6.3516020e-01 
    91 :  3.3628482e-01  6.8893739e-01 
    92 :  3.9614625e-01  7.2740800e-01 
    93 :  4.2956686e-01  7.3987324e-01 
    94 :  3.6483980e-01  7.1031338e-01 
    95 :  3.1106261e-01  6.6371518e-01 
    96 :  2.7259200e-01  6.0385375e-01 
    97 :  2.5254464e-01  5.3557871e-01 
    98 :  2.5254464e-01  4.6442129e-01 
    99 :  2.7259200e-01  3.9614625e-01 
   100 :  3.1106261e-01  3.3628482e-01 
   101 :  3.6483980e-01  2.8968662e-01 
   102 :  4.2956686e-01  2.6012676e-01 
   103 :  5.3571429e-01  2.5000000e-01 
   104 :  6.0714286e-01  2.5000000e-01 
   105 :  6.7857143e-01  2.5000000e-01 
   106 :  7.5000000e-01  2.5000000e-01 
   107 :  8.2142857e-01  2.5000000e-01 
   108 :  8.9285714e-01  2.5000000e-01 
   109 :  9.6428571e-01  2.5000000e-01 
   110 :  5.7142857e-01  2.5000000e-01 
   111 :  6.4285714e-01  2.5000000e-01 
   112 :  7.1428571e-01  2.5000000e-01 
   113 :  7.8571429e-01  2.5000000e-01 
   114 :  8.5714286e-01  2.5000000e-01 
   115 :  9.2857143e-01  2.5000000e-01 
   116 :  1.0000000e+00  3.1250000e-02 
   117 :  1.0000000e+00  9.3750000e-02 
   118 :  1.0000000e+00  1.5625000e-01 
   119 :  1.0000000e+00  2.1875000e-01 
   120 :  1.0000000e+00  6.2500000e-02 
   121 :  1.0000000e+00  1.2500000e-01 
   122 :  1.0000000e+00  1.8750000e-01 
   123 :  3.5714286e-02  0.0000000e+00 
   124 :  9.6428571e-01  0.0000000e+00 
   125 :  8.9285714e-01  0.0000000e+00 
   126 :  8.2142857e-01  0.0000000e+00 
   127 :  7.5000000e-01  0.0000000e+00 
   128 :  6.7857143e-01  0.0000000e+00 
   129 :  6.0714286e-01  0.0000000e+00 
   130 :  5.3571429e-01  0.0000000e+00 
   131 :  4.6428571e-01  0.0000000e+00 
   132 :  3.9285714e-01  0.0000000e+00 
   133 :  3.2142857e-01  0.0000000e+00 
   134 :  2.5000000e-01  0.0000000e+00 
   135 :  1.7857143e-01  0.0000000e+00 
   136 :  1.0714286e-01  0.0000000e+00 
   137 :  7.1428571e-02  0.0000000e+00 
   138 :  1.4285714e-01  0.0000000e+00 
   139 :  2.1428571e-01  0.0000000e+00 
   140 :  2.8571429e-01  0.0000000e+00 
   141 :  3.5714286e-01  0.0000000e+00 
   142 :  4.2857143e-01  0.0000000e+00 
   143 :  5.0000000e-01  0.0000000e+00 
   144 :  5.7142857e-01  0.0000000e+00 
   145 :  6.4285714e-01  0.0000000e+00 
   146 :  7.1428571e-01  0.0000000e+00 
   147 :  7.8571429e-01  0.0000000e+00 
   148 :  8.5714286e-01  0.0000000e+00 
   149 :  9.2857143e-01  0.0000000e+00 
   150 :  1.0398270e-01  1.1179982e-01 
   151 :  9.6428522e-01  6.2505901e-02 
   152 :  3.2504060e-01  7.8424756e-01 
   153 :  1.8391460e-01  9.3174888e-01 
   154 :  6.1391459e-02  2.5766514e-01 
   155 :  2.6822553e-02  3.2237970e-01 
   156 :  6.8115697e-02  5.6204773e-01 
   157 :  5.0282171e-01  9.4115880e-01 
   158 :  5.7220526e-01  7.8374217e-01 
   159 :  5.0469423e-01  8.8268295e-01 
   160 :  6.4317747e-01  7.8204050e-01 
   161 :  1.0015935e-01  1.8740231e-01 
   162 :  9.7049754e-02  2.2540661e-01 
   163 :  9.2857023e-01  1.5626719e-01 
   164 :  2.0220496e-01  2.3792612e-01 
   165 :  1.6372171e-01  4.6914060e-01 
   166 :  1.0243821e-01  3.4590220e-01 
   167 :  3.5604090e-01  1.0680248e-01 
   168 :  5.7139093e-01  3.1889763e-02 
   169 :  1.7744326e-01  3.7689296e-02 
   170 :  6.7855111e-01  1.5671913e-01 
   171 :  3.9997146e-01  7.7975169e-01 
   172 :  2.4969018e-01  7.1022529e-01 
   173 :  1.4920306e-01  8.9566766e-01 
   174 :  3.7750282e-01  8.5429540e-01 
   175 :  2.0776972e-01  3.8239941e-01 
   176 :  7.6166104e-02  7.8536243e-01 
   177 :  1.9530437e-01  4.6630347e-01 
   178 :  1.0622806e-01  3.7143094e-02 
   179 :  6.9154713e-02  1.1030436e-01 
   180 :  8.9287049e-01  7.8127747e-01 
   181 :  7.5022131e-01  8.7545098e-01 
   182 :  6.4368110e-01  8.7667788e-01 
   183 :  9.6429420e-01  8.4376724e-01 
   184 :  9.6429198e-01  9.3751340e-01 
   185 :  6.0834424e-01  8.4639834e-01 
   186 :  5.7273852e-01  9.3967142e-01 
   187 :  6.7877684e-01  7.8172508e-01 
   188 :  6.7877209e-01  9.6912722e-01 
   189 :  1.8668205e-01  6.6530804e-01 
   190 :  7.1692281e-02  6.3647257e-01 
   191 :  7.5067299e-02  7.1118599e-01 
   192 :  6.0760864e-01  9.6955128e-01 
   193 :  2.4553325e-01  1.5307367e-01 
   194 :  3.3951125e-02  1.4504276e-01 
   195 :  2.1203489e-01  7.5649470e-02 
   196 :  6.0708846e-01  9.4827574e-02 
   197 :  6.0710739e-01  1.8842383e-01 
   198 :  4.2808999e-01  1.0129369e-01 
   199 :  4.3372386e-01  9.4177313e-01 
   200 :  4.3863912e-01  8.8527204e-01 
   201 :  1.3047602e-01  4.3093982e-01 
   202 :  5.0392031e-01  8.2395831e-01 
   203 :  1.7467774e-01  1.1394806e-01 
   204 :  8.2142583e-01  1.8755961e-01 
   205 :  9.2857052e-01  1.8751320e-01 
   206 :  4.4254522e-01  7.9388281e-01 
   207 :  8.9285560e-01  6.2522815e-02 
   208 :  7.5223166e-02  8.5796027e-01 
   209 :  5.3805422e-01  8.1916814e-01 
   210 :  7.5020421e-01  9.0665838e-01 
   211 :  8.9289214e-01  8.7507154e-01 
   212 :  2.4073876e-01  2.3940091e-01 
   213 :  3.3339338e-01  9.0840547e-01 
   214 :  1.4492803e-01  9.6535688e-01 
   215 :  5.7134080e-01  1.2687443e-01 
   216 :  4.9981687e-01  1.6090227e-01 
   217 :  3.5673215e-01  2.1623023e-01 
   218 :  1.3721169e-01  1.5148803e-01 
   219 :  1.4300790e-01  6.2934718e-01 
   220 :  2.8337831e-01  1.1201680e-01 
   221 :  1.1476251e-01  7.4810036e-01 
   222 :  1.1171849e-01  8.9449895e-01 
   223 :  4.4265376e-01  8.3335194e-01 
   224 :  2.7140170e-01  8.3729160e-01 
   225 :  3.0328808e-02  4.2116826e-01 
   226 :  1.9558078e-01  7.8989339e-01 
   227 :  1.5489349e-01  7.4853237e-01 
   228 :  3.3823362e-01  8.7865275e-01 
   229 :  2.1321107e-01  3.7690084e-02 
   230 :  1.3831748e-01  5.9078020e-01 
   231 :  3.8254642e-01  7.4746764e-01 
   232 :  4.6404155e-01  6.6240766e-02 
   233 :  5.3565626e-01  3.2193929e-02 
   234 :  2.2812897e-01  8.6579554e-01 
   235 :  3.9600299e-01  9.7050629e-01 
   236 :  7.8576848e-01  7.8136450e-01 
   237 :  5.3766131e-01  9.4041536e-01 
   238 :  9.2858553e-01  9.3752922e-01 
   239 :  7.8571160e-01  3.1299715e-02 
   240 :  9.2857086e-01  3.1257037e-02 
   241 :  6.7855655e-01  1.8786471e-01 
   242 :  7.1427268e-01  1.5654928e-01 
   243 :  6.0709962e-01  6.3302306e-02 
   244 :  5.3560977e-01  6.4302794e-02 
   245 :  1.1427945e-01  8.2262660e-01 
   246 :  4.0959697e-01  8.5740709e-01 
   247 :  2.9774516e-01  9.0551347e-01 
   248 :  7.1460184e-01  9.0687898e-01 
   249 :  6.0841757e-01  8.7756538e-01 
   250 :  7.5015660e-01  8.1283217e-01 
   251 :  8.2151935e-01  8.7518423e-01 
   252 :  3.9256976e-01  3.4641127e-02 
   253 :  6.0709364e-01  1.5741141e-01 
   254 :  7.0038060e-02  7.3454830e-02 
   255 :  1.0866492e-01  9.6495426e-01 
   256 :  7.3418346e-02  9.2927190e-01 
   257 :  4.4086047e-01  8.5844626e-01 
   258 :  2.1242170e-01  6.1950889e-01 
   259 :  2.0324468e-01  5.8129314e-01 
   260 :  8.6641645e-02  2.9876155e-01 
   261 :  2.5769282e-01  3.4820096e-01 
   262 :  3.8337338e-01  8.2773830e-01 
   263 :  1.7147612e-01  5.8623781e-01 
   264 :  1.2491599e-01  2.6970131e-01 
   265 :  6.3785446e-02  4.4959361e-01 
   266 :  5.4910867e-02  3.7989597e-01 
   267 :  3.2519575e-01  9.6920278e-01 
   268 :  1.5323615e-01  8.2416111e-01 
   269 :  7.4373246e-02  8.9373334e-01 
   270 :  9.6428505e-01  1.2500843e-01 
   271 :  6.4282116e-01  1.2577700e-01 
   272 :  3.4536737e-02  1.0872474e-01 
   273 :  1.8676545e-01  8.9736802e-01 
   274 :  2.3756386e-01  7.9545956e-01 
   275 :  4.2886884e-01  2.3084645e-01 
   276 :  4.2805864e-01  1.3468324e-01 
   277 :  3.9386793e-01  2.4056002e-01 
   278 :  1.9943612e-01  4.2549045e-01 
   279 :  2.2505169e-01  4.6491385e-01 
   280 :  3.5587656e-01  1.4282131e-01 
   281 :  2.0881081e-01  1.5368894e-01 
   282 :  1.9741427e-01  5.4353106e-01 
   283 :  8.2142435e-01  1.2508375e-01 
   284 :  6.0711865e-01  3.1676673e-02 
   285 :  6.4284170e-01  3.1531230e-02 
   286 :  9.2482174e-02  4.0001648e-01 
   287 :  8.5714028e-01  1.5629892e-01 
   288 :  7.1427101e-01  1.2532025e-01 
   289 :  1.3064789e-01  2.2998007e-01 
   290 :  3.2912228e-01  9.3863759e-01 
   291 :  2.9949944e-01  7.3895793e-01 
   292 :  3.9916876e-01  9.4126231e-01 
   293 :  5.3837231e-01  9.1057332e-01 
   294 :  7.8584562e-01  8.4402081e-01 
   295 :  8.5714004e-01  9.3798660e-02 
   296 :  1.0237046e-01  1.4947624e-01 
   297 :  3.5600083e-01  1.7924279e-01 
   298 :  3.5370524e-02  3.6215189e-02 
   299 :  2.8495846e-01  3.6975217e-02 
   300 :  3.1585931e-01  8.1351792e-01 
   301 :  3.7413862e-02  7.1272084e-01 
   302 :  1.4705154e-01  9.3063245e-01 
   303 :  6.4345052e-01  8.1387584e-01 
   304 :  7.5020465e-01  8.4417563e-01 
   305 :  7.1441758e-01  7.8154232e-01 
   306 :  5.3875968e-01  8.8060627e-01 
   307 :  6.7906626e-01  8.4480537e-01 
   308 :  8.5718360e-01  9.3758157e-01 
   309 :  4.9978537e-01  1.2942437e-01 
   310 :  3.4992227e-02  7.2450158e-02 
   311 :  1.0521551e-01  7.4377699e-02 
   312 :  7.4999047e-01  1.2520535e-01 
   313 :  4.9996248e-01  2.2146859e-01 
   314 :  5.7140161e-01  2.1960252e-01 
   315 :  4.9979427e-01  9.7445526e-02 
   316 :  5.3567731e-01  2.2021856e-01 
   317 :  2.4176886e-01  3.8821306e-01 
   318 :  5.3690591e-01  7.8621202e-01 
   319 :  6.0807270e-01  8.1477712e-01 
   320 :  7.1462909e-01  8.7570143e-01 
   321 :  6.4284519e-01  2.1906847e-01 
   322 :  7.8571021e-01  1.8759384e-01 
   323 :  6.0712464e-01  2.1926514e-01 
   324 :  2.8073471e-01  2.9690708e-01 
   325 :  3.5906930e-01  2.5387097e-01 
   326 :  3.2323501e-01  2.7145699e-01 
   327 :  5.7289424e-01  8.1635601e-01 
   328 :  8.2149244e-01  8.1263242e-01 
   329 :  7.8584586e-01  9.0651349e-01 
   330 :  2.4692248e-01  1.1357345e-01 
   331 :  3.9206236e-01  1.3849168e-01 
   332 :  4.2839889e-01  1.9981800e-01 
   333 :  7.1428076e-01  2.1887611e-01 
   334 :  5.7136115e-01  6.3711228e-02 
   335 :  6.7856371e-01  2.1894956e-01 
   336 :  3.5890226e-02  6.3973015e-01 
   337 :  7.3551769e-02  6.7380274e-01 
   338 :  3.6733945e-02  6.7622398e-01 
   339 :  4.1294775e-01  7.5932217e-01 
   340 :  1.9277127e-01  8.2689106e-01 
   341 :  3.6998330e-01  7.6985920e-01 
   342 :  6.7895144e-01  8.1334676e-01 
   343 :  8.2146304e-01  7.8132205e-01 
   344 :  8.5716454e-01  7.8129504e-01 
   345 :  3.2097362e-02  2.1761897e-01 
   346 :  5.7137490e-01  1.8899546e-01 
   347 :  2.1063265e-01  1.1418307e-01 
   348 :  7.4999278e-01  6.2643261e-02 
   349 :  8.2151222e-01  8.4392173e-01 
   350 :  9.2857909e-01  7.8126568e-01 
   351 :  5.7339944e-01  8.7885496e-01 
   352 :  7.2423126e-02  9.6466619e-01 
   353 :  3.9220081e-01  1.7292407e-01 
   354 :  7.4999380e-01  1.8764729e-01 
   355 :  5.3559667e-01  1.5917069e-01 
   356 :  7.8585655e-01  8.7528903e-01 
   357 :  8.9288956e-01  9.0631609e-01 
   358 :  7.5008458e-01  7.8143235e-01 
   359 :  5.7318751e-01  9.0937048e-01 
   360 :  2.7903686e-02  3.8682290e-01 
   361 :  9.2667844e-02  2.6295593e-01 
   362 :  5.7518139e-02  2.9259125e-01 
   363 :  9.8129767e-02  4.8048588e-01 
   364 :  8.2149321e-01  9.3762827e-01 
   365 :  7.8581513e-01  9.3769946e-01 
   366 :  8.5719546e-01  8.4385787e-01 
   367 :  6.0764254e-01  7.8261400e-01 
   368 :  7.1452703e-01  9.3797036e-01 
   369 :  6.0801081e-01  9.3904185e-01 
   370 :  5.7331030e-01  8.4794458e-01 
   371 :  7.8581467e-01  8.1270981e-01 
   372 :  9.6429484e-01  8.7501867e-01 
   373 :  5.7212736e-01  9.6986186e-01 
   374 :  7.5015619e-01  9.3780766e-01 
   375 :  7.8570824e-01  9.3870816e-02 
   376 :  3.1938963e-01  1.4718385e-01 
   377 :  7.1427163e-01  9.4042638e-02 
   378 :  7.1427949e-01  3.1369434e-02 
   379 :  6.7855391e-01  6.2842576e-02 
   380 :  3.9269076e-01  2.0705174e-01 
   381 :  6.4283405e-01  1.8807801e-01 
   382 :  6.0708662e-01  1.2620835e-01 
   383 :  2.0622508e-01  1.9471161e-01 
   384 :  4.6396918e-01  9.9117333e-02 
   385 :  1.7267346e-01  1.5302106e-01 
   386 :  4.9988342e-01  1.9166984e-01 
   387 :  8.9285520e-01  9.3779879e-02 
   388 :  5.3558180e-01  9.6235622e-02 
   389 :  2.6593415e-01  8.6995738e-01 
   390 :  3.6435098e-01  9.4017663e-01 
   391 :  2.5352332e-01  9.6742998e-01 
   392 :  9.6428543e-01  3.1253177e-02 
   393 :  5.7134358e-01  9.5395385e-02 
   394 :  1.4058854e-01  7.5128598e-02 
   395 :  5.0147154e-01  9.7055568e-01 
   396 :  4.6821187e-01  9.4169200e-01 
   397 :  4.3117350e-01  9.7078322e-01 
   398 :  4.6630025e-01  9.7077978e-01 
   399 :  7.1460393e-01  8.4441938e-01 
   400 :  9.2858562e-01  8.1252899e-01 
   401 :  8.9288206e-01  9.3755054e-01 
   402 :  9.2858997e-01  8.4378791e-01 
   403 :  1.5463749e-01  7.8703020e-01 
   404 :  3.7255981e-01  8.8210032e-01 
   405 :  7.5946110e-02  7.4844198e-01 
   406 :  1.6556622e-01  2.3445002e-01 
   407 :  3.1978870e-01  1.0963609e-01 
   408 :  1.3453169e-01  1.9046459e-01 
   409 :  5.0172281e-01  7.9237062e-01 
   410 :  8.2151271e-01  9.0641873e-01 
   411 :  9.2859149e-01  8.7504108e-01 
   412 :  4.2820537e-01  6.7641753e-02 
   413 :  3.2085770e-01  3.6291962e-02 
   414 :  8.9285627e-01  3.1262338e-02 
   415 :  3.9231474e-01  6.9286362e-02 
   416 :  8.9285534e-01  1.5628004e-01 
   417 :  4.1368849e-01  8.3191770e-01 
   418 :  3.0859438e-01  8.4371474e-01 
   419 :  3.7952674e-02  7.8543904e-01 
   420 :  4.6400191e-01  1.6362379e-01 
   421 :  8.5713996e-01  1.2505280e-01 
   422 :  6.4325647e-02  2.2126389e-01 
   423 :  6.7856163e-01  3.1433810e-02 
   424 :  8.0822595e-02  3.6929007e-01 
   425 :  3.4184358e-02  5.6681012e-01 
   426 :  6.6685551e-02  5.2475869e-01 
   427 :  3.3449866e-02  5.3032383e-01 
   428 :  1.3098655e-01  4.7392494e-01 
   429 :  3.2030095e-01  7.2769963e-02 
   430 :  9.6428508e-01  9.3757752e-02 
   431 :  4.6395179e-01  1.3164750e-01 
   432 :  4.9991151e-01  3.2613114e-02 
   433 :  7.4999680e-01  2.1883007e-01 
   434 :  2.4806066e-01  7.5199033e-02 
   435 :  6.9807736e-02  5.9924271e-01 
   436 :  3.5008664e-02  6.0326469e-01 
   437 :  4.6428560e-01  2.2458556e-01 
   438 :  2.4409341e-01  6.1201756e-01 
   439 :  1.9473938e-01  5.0541219e-01 
   440 :  2.2613310e-01  5.3941638e-01 
   441 :  2.2348443e-01  5.0243715e-01 
   442 :  7.1427615e-01  1.8773140e-01 
   443 :  3.1927001e-01  1.8589835e-01 
   444 :  2.6044648e-01  6.4812870e-01 
   445 :  3.1856668e-02  4.5725131e-01 
   446 :  6.9485194e-02  3.5055875e-01 
   447 :  1.1642859e-01  3.0878228e-01 
   448 :  3.0648237e-02  2.5354321e-01 
   449 :  1.6571559e-01  4.2632064e-01 
   450 :  2.9341389e-01  9.3682480e-01 
   451 :  3.5941051e-01  7.9473864e-01 
   452 :  4.6009464e-01  7.8205723e-01 
   453 :  4.2496466e-01  7.8735339e-01 
   454 :  4.3963467e-01  7.6960904e-01 
   455 :  3.7838743e-02  8.2154319e-01 
   456 :  3.5084678e-01  8.2148264e-01 
   457 :  2.3252421e-01  8.3126886e-01 
   458 :  3.7152571e-02  8.9323084e-01 
   459 :  2.4906232e-01  3.7454051e-02 
   460 :  3.1988749e-01  2.2666995e-01 
   461 :  3.7551096e-02  8.5746475e-01 
   462 :  1.9736402e-01  7.5065128e-01 
   463 :  3.1788480e-01  7.1175697e-01 
   464 :  2.8447171e-01  6.8420420e-01 
   465 :  1.7619514e-01  7.5593281e-02 
   466 :  8.2142531e-01  6.2558852e-02 
   467 :  1.3913206e-01  1.1307802e-01 
   468 :  5.3563455e-01  1.8996629e-01 
   469 :  1.0742175e-01  6.3305152e-01 
   470 :  1.3469023e-01  5.5245001e-01 
   471 :  1.0168908e-01  5.5722031e-01 
   472 :  1.0431016e-01  5.9508721e-01 
   473 :  2.8946651e-01  9.6832704e-01 
   474 :  2.2069334e-01  9.3320414e-01 
   475 :  3.6824778e-01  9.1081884e-01 
   476 :  4.9983930e-01  6.5131243e-02 
   477 :  8.5714158e-01  3.1270095e-02 
   478 :  7.4999597e-01  3.1327243e-02 
   479 :  3.2744017e-02  4.9377845e-01 
   480 :  1.4838152e-01  3.2119412e-01 
   481 :  9.6461176e-02  4.4083963e-01 
   482 :  5.2990375e-02  3.2447406e-01 
   483 :  8.5714061e-01  6.2537146e-02 
   484 :  4.2837436e-01  3.3849493e-02 
   485 :  9.2857044e-01  6.2513030e-02 
   486 :  1.1335419e-01  7.0978173e-01 
   487 :  1.1065237e-01  6.7129650e-01 
   488 :  6.6461552e-02  1.8431798e-01 
   489 :  7.4999155e-01  1.5644114e-01 
   490 :  1.6983246e-01  1.9310454e-01 
   491 :  2.8789944e-02  2.8868526e-01 
   492 :  6.0671563e-02  4.1254677e-01 
   493 :  2.2095477e-01  3.3781283e-01 
   494 :  7.1452961e-01  8.1302804e-01 
   495 :  9.6428920e-01  7.8125714e-01 
   496 :  6.7905961e-01  9.0721137e-01 
   497 :  6.7910362e-01  8.7608749e-01 
   498 :  6.7894302e-01  9.3821124e-01 
   499 :  5.7135252e-01  1.5808788e-01 
   500 :  2.8695869e-01  7.7136256e-01 
   501 :  1.8119118e-01  9.6590261e-01 
   502 :  9.6428524e-01  1.8750599e-01 
   503 :  5.0480922e-01  8.5352110e-01 
   504 :  8.9288944e-01  8.4381616e-01 
   505 :  8.9288184e-01  8.1255073e-01 
   506 :  9.2857011e-01  1.2501855e-01 
   507 :  7.8570872e-01  1.5637202e-01 
   508 :  1.5299324e-01  7.0864655e-01 
   509 :  1.6676343e-01  5.4787390e-01 
   510 :  4.3622486e-01  9.1317925e-01 
   511 :  1.1312478e-01  8.5881974e-01 
   512 :  2.5724077e-01  9.3494597e-01 
   513 :  3.9061696e-01  8.0279102e-01 
   514 :  2.6130949e-01  9.0247966e-01 
   515 :  8.5719579e-01  9.0635692e-01 
   516 :  5.0394823e-01  9.1186371e-01 
   517 :  6.4316400e-01  9.6930686e-01 
   518 :  7.8570799e-01  1.2513143e-01 
   519 :  6.8009880e-02  1.4727274e-01 
   520 :  3.4392976e-01  8.4958383e-01 
   521 :  3.0269913e-01  8.7444409e-01 
   522 :  1.7113092e-01  3.7837862e-01 
   523 :  1.8416780e-01  3.2999886e-01 
   524 :  4.7188470e-01  8.3015296e-01 
   525 :  4.7138089e-01  8.8453544e-01 
   526 :  4.7222374e-01  8.5685580e-01 
   527 :  7.1427456e-01  6.2721966e-02 
   528 :  6.7854845e-01  1.2549901e-01 
   529 :  8.2142673e-01  3.1281799e-02 
   530 :  4.6415262e-01  3.3164762e-02 
   531 :  4.6995116e-01  9.1288661e-01 
   532 :  3.5673157e-01  3.5482830e-02 
   533 :  1.4178145e-01  3.7489463e-02 
   534 :  6.4282956e-01  6.3026087e-02 
   535 :  4.4351461e-01  8.1116377e-01 
   536 :  7.5868044e-02  8.2186145e-01 
   537 :  3.5635038e-01  7.1056407e-02 
   538 :  9.2858992e-01  9.0628803e-01 
   539 :  8.5718302e-01  8.1258296e-01 
   540 :  6.4362737e-01  8.4541953e-01 
   541 :  6.4342676e-01  9.3855912e-01 
   542 :  5.3674340e-01  9.7021680e-01 
   543 :  6.4360881e-01  9.0770297e-01 
   544 :  2.1741043e-01  9.6660108e-01 
   545 :  1.1494248e-01  7.8575392e-01 
   546 :  5.3868939e-01  8.5029935e-01 
   547 :  7.0767494e-02  3.6703231e-02 
   548 :  2.8172226e-01  1.9166431e-01 
   549 :  3.3167054e-02  1.8137401e-01 
   550 :  8.5714096e-01  1.8753753e-01 
   551 :  6.0829599e-01  9.0840850e-01 
   552 :  1.7820866e-01  6.2505456e-01 
   553 :  1.4827520e-01  6.6859493e-01 
   554 :  2.2422895e-01  8.9966713e-01 
   555 :  2.2594897e-01  6.5996192e-01 
   556 :  1.3227564e-01  5.1378089e-01 
   557 :  4.9941633e-02  3.5228663e-01 
   558 :  9.9677839e-02  5.1914704e-01 
   559 :  6.7854935e-01  9.4203552e-02 
   560 :  8.2142447e-01  9.3827109e-02 
   561 :  4.2814756e-01  1.6762158e-01 
   562 :  7.4999088e-01  9.3938328e-02 
   563 :  1.8974254e-01  8.6253055e-01 
   564 :  4.1845389e-01  8.0846561e-01 
   565 :  5.3557716e-01  1.2789346e-01 
   566 :  1.9542792e-01  2.8368020e-01 
   567 :  1.5889829e-01  2.7711010e-01 
   568 :  3.3668435e-01  7.5668013e-01 
   569 :  2.3499001e-01  2.8969067e-01 
   570 :  8.9285580e-01  1.8752305e-01 
   571 :  1.6415632e-01  5.0915026e-01 
   572 :  3.5058017e-01  7.3203559e-01 
   573 :  6.4282245e-01  9.4450736e-02 
   574 :  2.8418309e-01  7.4212494e-02 
   575 :  8.9285513e-01  1.2503242e-01 
   576 :  6.4282544e-01  1.5698696e-01 
   577 :  1.5131606e-01  8.6026376e-01 
   578 :  1.9581461e-01  7.0813899e-01 
   579 :  2.4336459e-01  7.5684287e-01 
   580 :  3.7826050e-02  7.4915151e-01 
   581 :  4.0588620e-01  8.8440866e-01 
   582 :  9.2857017e-01  9.3767089e-02 
   583 :  2.8254663e-01  1.5086375e-01 
   584 :  2.3293658e-01  5.7589271e-01 
   585 :  4.6898409e-01  8.0490608e-01 
   586 :  1.1020483e-01  9.2982895e-01 
   587 :  2.4366450e-01  1.9452765e-01 
   588 :  1.3007351e-01  3.7541493e-01 
   589 :  7.8480497e-02  3.2986805e-01 
   590 :  9.6429404e-01  9.0626731e-01 
   591 :  3.9212810e-01  1.0391718e-01 
   592 :  3.6069889e-01  9.6995904e-01 
   593 :  8.5719995e-01  8.7511620e-01 
   594 :  7.8570948e-01  6.2592110e-02 
   595 :  4.0243737e-01  9.1247543e-01 
   596 :  6.5392240e-02  4.8725451e-01 
   597 :  2.5916919e-02  3.5452143e-01 
   598 :  8.2142483e-01  1.5632765e-01 
   599 :  2.7815300e-01  8.0440297e-01 
   600 :  2.3104034e-01  4.2684520e-01 
   601 :  4.6412077e-01  1.9474650e-01 
   602 :  2.8099901e-01  2.3673495e-01 
   603 :  9.6429220e-01  8.1251319e-01 
   604 :  9.6428510e-01  1.5625780e-01 
   605 :  7.1441624e-01  9.6900101e-01 
   606 :  7.5008459e-01  9.6891495e-01 
   607 :  7.8576900e-01  9.6885724e-01 
   608 :  8.2146370e-01  9.6881911e-01 
   609 :  8.5716502e-01  9.6879403e-01 
   610 :  8.9287068e-01  9.6877734e-01 
   611 :  9.2857905e-01  9.6876590e-01 
   612 :  9.6428907e-01  9.6875735e-01 
   613 :  7.8571218e-01  2.1880093e-01 
   614 :  8.2142715e-01  2.1878234e-01 
   615 :  8.5714186e-01  2.1877033e-01 
   616 :  8.9285643e-01  2.1876248e-01 
   617 :  9.2857094e-01  2.1875715e-01 
   618 :  9.6428546e-01  2.1875324e-01 
   619 :  3.6692279e-02  9.2888034e-01 
   620 :  3.6204855e-02  9.6445605e-01 
Number of edges 150 
     0 :      0      8 
     1 :      8     22 
     2 :     22     21 
     3 :     21     23 
     4 :     23     20 
     5 :     20     24 
     6 :     24     19 
     7 :     19     25 
     8 :     25     18 
     9 :     18     26 
    10 :     26     17 
    11 :     17     27 
    12 :     27     16 
    13 :     16     28 
    14 :     28     15 
    15 :     15     29 
    16 :     29     14 
    17 :     14     30 
    18 :     30     13 
    19 :     13     31 
    20 :     31     12 
    21 :     12     32 
    22 :     32     11 
    23 :     11     33 
    24 :     33     10 
    25 :     10     34 
    26 :     34      9 
    27 :      9      1 
    28 :      2     35 
    29 :     35     49 
    30 :     49     48 
    31 :     48     50 
    32 :     50     47 
    33 :     47     51 
    34 :     51     46 
    35 :     46     52 
    36 :     52     45 
    37 :     45     53 
    38 :     53     44 
    39 :     44     54 
    40 :     54     43 
    41 :     43     55 
    42 :     55     42 
    43 :     42     56 
    44 :     56     41 
    45 :     41     57 
    46 :     57     40 
    47 :     40     58 
    48 :     58     39 
    49 :     39     59 
    50 :     59     38 
    51 :     38     60 
    52 :     60     37 
    53 :     37     61 
    54 :     61     36 
    55 :     36      0 
    56 :      3     62 
    57 :     62     66 
    58 :     66     63 
    59 :     63     67 
    60 :     67     64 
    61 :     64     68 
    62 :     68     65 
    63 :     65      2 
    64 :      3     69 
    65 :     69     76 
    66 :     76     70 
    67 :     70     77 
    68 :     77     71 
    69 :     71     78 
    70 :     78     72 
    71 :     72     79 
    72 :     79     73 
    73 :     73     80 
    74 :     80     74 
    75 :     74     81 
    76 :     81     75 
    77 :     75      4 
    78 :      4     82 
    79 :     82     93 
    80 :     93     92 
    81 :     92     94 
    82 :     94     91 
    83 :     91     95 
    84 :     95     90 
    85 :     90     96 
    86 :     96     89 
    87 :     89     97 
    88 :     97     88 
    89 :     88     98 
    90 :     98     87 
    91 :     87     99 
    92 :     99     86 
    93 :     86    100 
    94 :    100     85 
    95 :     85    101 
    96 :    101     84 
    97 :     84    102 
    98 :    102     83 
    99 :     83      5 
   100 :      5    103 
   101 :    103    110 
   102 :    110    104 
   103 :    104    111 
   104 :    111    105 
   105 :    105    112 
   106 :    112    106 
   107 :    106    113 
   108 :    113    107 
   109 :    107    114 
   110 :    114    108 
   111 :    108    115 
   112 :    115    109 
   113 :    109      6 
   114 :      7    116 
   115 :    116    120 
   116 :    120    117 
   117 :    117    121 
   118 :    121    118 
   119 :    118    122 
   120 :    122    119 
   121 :    119      6 
   122 :      1    123 
   123 :    123    137 
   124 :    137    136 
   125 :    136    138 
   126 :    138    135 
   127 :    135    139 
   128 :    139    134 
   129 :    134    140 
   130 :    140    133 
   131 :    133    141 
   132 :    141    132 
   133 :    132    142 
   134 :    142    131 
   135 :    131    143 
   136 :    143    130 
   137 :    130    144 
   138 :    144    129 
   139 :    129    145 
   140 :    145    128 
   141 :    128    146 
   142 :    146    127 
   143 :    127    147 
   144 :    147    126 
   145 :    126    148 
   146 :    148    125 
   147 :    125    149 
   148 :    149    124 
   149 :    124      7 
Number of quads 545 
     0 :    348    594    375    562
     1 :    477    414    207    483
     2 :    222    511    577    173
     3 :    521    418    520    228
     4 :    267    290    390    592
     5 :    209    202    409    318
     6 :    607    606    374    365
     7 :    609    608    364    308
     8 :    496    543    182    497
     9 :    294    304    250    371
    10 :    358    305     79     72
    11 :    210    248    320    181
    12 :    357    515    593    211
    13 :    284    285    534    243
    14 :    140    133    413    299
    15 :    570    205    617    616
    16 :    163    604    502    205
    17 :    146    127    478    378
    18 :    313    316    103      5
    19 :    316    314    110    103
    20 :    164    212    569    566
    21 :    600     87     98    279
    22 :    344    343     71     77
    23 :    306    159    503    546
    24 :    185    370    327    319
    25 :    603    400    350    495
    26 :    126    148    477    529
    27 :    314    323    104    110
    28 :    323    321    111    104
    29 :    198    384    431    276
    30 :    594    466    560    375
    31 :    324    326     85    100
    32 :    326    325    101     85
    33 :      1    123    298      9
    34 :    517    192    369    541
    35 :    343    236     78     71
    36 :    183    402    400    603
    37 :    606    605    368    374
    38 :    548    443    460    602
    39 :    431    309    216    420
    40 :    125    149    240    414
    41 :    408    490    406    289
    42 :    321    335    105    111
    43 :    335    333    112    105
    44 :    562    375    518    312
    45 :    190    337    338    336
    46 :    336    338     18     26
    47 :    338    301     25     18
    48 :    337    191    301    338
    49 :    544    474    512    391
    50 :    464     95     91    463
    51 :    349    294    371    328
    52 :    307    540    303    342
    53 :     64    590    372     67
    54 :    539    328    343    344
    55 :    484    530    232    412
    56 :    197    381    321    323
    57 :    529    477    483    466
    58 :    598    287    550    204
    59 :    359    293    306    351
    60 :    504    366    539    505
    61 :    160    367     74     80
    62 :    410    329    356    251
    63 :    291    463    572    568
    64 :    592    390    292    235
    65 :    172    464    463    291
    66 :    502    122    119    618
    67 :    298    547    254    310
    68 :    353    561    332    380
    69 :    277    275    102     84
    70 :    275    437     83    102
    71 :    518    283    598    507
    72 :    561    420    601    332
    73 :    610    609    308    401
    74 :    368    498    496    248
    75 :    605    188    498    368
    76 :    498    541    543    496
    77 :    304    399    494    250
    78 :    372    411    402    183
    79 :    186    237    293    359
    80 :    350    180     70     76
    81 :    490    383    164    406
    82 :    522    523    493    175
    83 :    589    446    557    482
    84 :    588    286    424    166
    85 :     12     32    345    448
    86 :    260    589    482    362
    87 :    371    250    358    236
    88 :    369    186    359    551
    89 :    370    546    209    327
    90 :    180    344     77     70
    91 :     43     55    395    542
    92 :    515    410    251    593
    93 :    181    320    399    304
    94 :    303    319    367    160
    95 :     45     53    517    188
    96 :    367    158     81     74
    97 :     53     44    192    517
    98 :    236    358     72     78
    99 :    402    504    505    400
   100 :    551    359    351    249
   101 :    188    517    541    498
   102 :    237    157    516    293
   103 :    574    429    407    220
   104 :    233    168    334    244
   105 :    194    519    488    549
   106 :    499    253    197    346
   107 :    280    331    353    297
   108 :    330    220    583    193
   109 :    375    560    283    518
   110 :    205    502    618    617
   111 :    434    574    220    330
   112 :    113    106    433    613
   113 :    241    442    333    335
   114 :    232    476    315    384
   115 :    430    117    121    270
   116 :    151    120    117    430
   117 :    130    144    168    233
   118 :    129    145    285    284
   119 :    131    143    432    530
   120 :    167    591    331    280
   121 :    138    135    169    533
   122 :    380    332    275    277
   123 :    300    152    451    456
   124 :    474    554    514    512
   125 :    174    262    417    246
   126 :    315    388    565    309
   127 :    145    128    423    285
   128 :    465    195    347    203
   129 :    583    376    443    548
   130 :     56    397    398     42
   131 :     42    398    395     55
   132 :    398    396    157    395
   133 :    397    199    396    398
   134 :     67    372    183     63
   135 :    538    357    211    411
   136 :    546    503    202    209
   137 :    611    610    401    238
   138 :    248    496    497    320
   139 :    411    211    504    402
   140 :    327    209    318    158
   141 :    249    351    370    185
   142 :    513    171    453    564
   143 :    255    586    302    214
   144 :     22     21    458    619
   145 :    389    224    418    521
   146 :    322    204    614    613
   147 :    604    118    122    502
   148 :    320    497    307    399
   149 :    329    210    181    356
   150 :     52     45    188    605
   151 :    608    607    365    364
   152 :    424    266    557    446
   153 :    195    434    330    347
   154 :    549    488    422    345
   155 :    355    499    346    468
   156 :    575    506    163    416
   157 :    143    130    233    432
   158 :    582    430    270    506
   159 :    442    354    433    333
   160 :    587    548    602    212
   161 :    252    484    412    415
   162 :    128    146    378    423
   163 :     58    473    267     40
   164 :    247    521    228    213
   165 :     20     24    419    455
   166 :    287    416    570    550
   167 :    560    295    421    283
   168 :    385    281    383    490
   169 :    311    394    467    150
   170 :    289    406    567    264
   171 :    215    382    253    499
   172 :    165    177    439    571
   173 :    427    426    156    425
   174 :    201    428    363    481
   175 :    361    260    362    154
   176 :    428    556    558    363
   177 :    493    569    324    261
   178 :    600    317     99     87
   179 :    144    129    284    168
   180 :    412    232    384    198
   181 :    127    147    239    478
   182 :    216    355    468    386
   183 :    312    518    507    489
   184 :    218    385    490    408
   185 :    299    413    429    574
   186 :    139    134    459    229
   187 :    379    527    377    559
   188 :    220    407    376    583
   189 :     10    272    194     33
   190 :    276    431    420    561
   191 :    302    173    273    153
   192 :     19     25    301    580
   193 :    227    508    578    462
   194 :    156    435    436    425
   195 :    425    436     17     27
   196 :    436    336     26     17
   197 :    435    190    336    436
   198 :    178    533    394    311
   199 :    437    313      5     83
   200 :    483    207    387    295
   201 :    584    440     97     89
   202 :    440    441     88     97
   203 :    584     89     96    438
   204 :     98     88    441    279
   205 :    441    439    177    279
   206 :    263    230    470    509
   207 :    467    203    385    218
   208 :    601    386    313    437
   209 :    132    142    484    252
   210 :    382    271    576    253
   211 :    403    227    462    226
   212 :     90    444    438     96
   213 :    463     91     94    572
   214 :    620    619    256    352
   215 :    363    596    265    481
   216 :    448    491     31     12
   217 :    448    345    422    154
   218 :    166    589    260    447
   219 :    491    155     13     31
   220 :    480    567    566    523
   221 :    428    165    571    556
   222 :    155    597     30     13
   223 :    273    563    234    554
   224 :     61    352    255     37
   225 :    501    153    474    544
   226 :    206    453    454    452
   227 :    452    454     82      4
   228 :    454    339     93     82
   229 :    453    171    339    454
   230 :    176    405    221    545
   231 :    268    403    226    340
   232 :    536    176    545    245
   233 :    173    577    563    273
   234 :    234    457    224    389
   235 :    520    456    262    174
   236 :    245    545    403    268
   237 :    418    300    456    520
   238 :    405    191    486    221
   239 :    511    245    268    577
   240 :    507    598    204    322
   241 :    381    241    335    321
   242 :    576    170    241    381
   243 :    514    389    521    247
   244 :    572     94     92    231
   245 :    172    578    189    555
   246 :    500    291    568    152
   247 :    423    378    527    379
   248 :    150    467    218    296
   249 :    393    196    382    215
   250 :    527    348    562    377
   251 :    190    435    472    469
   252 :    230    472    471    470
   253 :    462    578    172    579
   254 :    435    156    471    472
   255 :    208    536    245    511
   256 :    599    500    152    300
   257 :    473    450    290    267
   258 :     24     19    580    419
   259 :    149    124    392    240
   260 :    559    377    288    528
   261 :    488    161    162    422
   262 :    225     29     14    360
   263 :    427     16     28    479
   264 :    407    167    280    376
   265 :    254    311    150    179
   266 :    386    468    316    313
   267 :    388    393    215    565
   268 :    191    337    487    486
   269 :    189    553    219    552
   270 :    337    190    469    487
   271 :    534    379    559    573
   272 :    243    534    573    196
   273 :    332    601    437    275
   274 :    413    532    537    429
   275 :    266    360    597    557
   276 :    261     86     99    317
   277 :    362    482    155    491
   278 :    211    593    366    504
   279 :     63    183    603     66
   280 :     44     54    373    192
   281 :    540    185    319    303
   282 :    590    538    411    372
   283 :    134    140    299    459
   284 :    506    270    604    163
   285 :    429    537    167    407
   286 :    288    312    489    242
   287 :     37    255    214     60
   288 :    563    340    457    234
   289 :    224    599    300    418
   290 :    196    573    271    382
   291 :    377    562    312    288
   292 :      9    298    310     34
   293 :    416    163    205    570
   294 :    374    368    248    210
   295 :    319    327    158    367
   296 :    399    307    342    494
   297 :     66    603    495     62
   298 :    141    132    252    532
   299 :    133    141    532    413
   300 :    564    453    206    535
   301 :    553    487    469    219
   302 :    461    455    536    208
   303 :    213    228    404    475
   304 :    153    273    554    474
   305 :    545    221    227    403
   306 :    193    583    548    587
   307 :    166    424    446    589
   308 :    458    461    208    269
   309 :    419    580    405    176
   310 :    554    234    389    514
   311 :    228    520    174    404
   312 :    182    249    185    540
   313 :    293    516    159    306
   314 :    364    365    329    410
   315 :     65    612    184     68
   316 :    168    284    243    334
   317 :    281    193    587    383
   318 :    591    198    276    331
   319 :    214    302    153    501
   320 :     23     20    455    461
   321 :    445     15     29    225
   322 :    480    447    264    567
   323 :    523    566    569    493
   324 :    492    225    360    266
   325 :    159    525    526    503
   326 :    503    526    524    202
   327 :    526    257    223    524
   328 :    525    200    257    526
   329 :    106    112    333    433
   330 :    537    415    591    167
   331 :    406    164    566    567
   332 :    142    131    530    484
   333 :    263    509    282    259
   334 :    568    572    231    341
   335 :    552    263    259    258
   336 :    239    529    466    594
   337 :    387    582    506    575
   338 :    468    346    314    316
   339 :    346    197    323    314
   340 :    157    396    531    516
   341 :    516    531    525    159
   342 :    531    510    200    525
   343 :    396    199    510    531
   344 :    596    479    445    265
   345 :    135    139    229    169
   346 :    207    485    582    387
   347 :    532    252    415    537
   348 :    352    256    586    255
   349 :    262    513    564    417
   350 :     40    267    592     57
   351 :    619    458    269    256
   352 :    547    178    311    254
   353 :    179    150    296    519
   354 :     68    184    590     64
   355 :    342    303    160    187
   356 :    373    542    237    186
   357 :    328    371    236    343
   358 :    593    251    349    366
   359 :    356    181    304    294
   360 :    541    369    551    543
   361 :    250    494    305    358
   362 :    238    401    357    538
   363 :    366    349    328    539
   364 :    351    306    546    370
   365 :     54     43    542    373
   366 :    451    341    171    513
   367 :    457    274    599    224
   368 :    152    568    341    451
   369 :    497    182    540    307
   370 :    505    539    344    180
   371 :     62    495     69      3
   372 :    251    356    294    349
   373 :    217    380    277    325
   374 :    310    254    179    272
   375 :    478    239    594    348
   376 :    543    551    249    182
   377 :    305    187     73     79
   378 :    494    342    187    305
   379 :    192    373    186    369
   380 :    259    282    440    584
   381 :    231     92     93    339
   382 :    189    552    258    555
   383 :    581    246    257    200
   384 :    479     28     15    445
   385 :    426    558    471    156
   386 :    360     14     30    597
   387 :    297    353    380    217
   388 :    334    243    196    393
   389 :    459    299    574    434
   390 :    136    138    533    178
   391 :    212    602    324    569
   392 :    354    322    613    433
   393 :    392    116    120    151
   394 :     38    501    544     59
   395 :    226    462    579    274
   396 :    235    292    199    397
   397 :     57    592    235     41
   398 :    415    412    198    591
   399 :    169    229    195    465
   400 :    432    233    244    476
   401 :    530    432    476    232
   402 :    229    459    434    195
   403 :    265    445    225    492
   404 :    588    166    447    480
   405 :    203    347    281    385
   406 :    282    439    441    440
   407 :    340    226    274    457
   408 :    221    486    508    227
   409 :    201    449    165    428
   410 :    278    175    317    600
   411 :    533    169    465    394
   412 :    376    280    297    443
   413 :    272    179    519    194
   414 :    123    137    547    298
   415 :    449    278    177    165
   416 :    286    492    266    424
   417 :    482    557    597    155
   418 :    361    162    289    264
   419 :    283    421    287    598
   420 :    154    362    491    448
   421 :    522    175    278    449
   422 :    509    571    439    282
   423 :    578    508    553    189
   424 :    586    222    173    302
   425 :    464    444     90     95
   426 :    172    555    444    464
   427 :    331    276    561    353
   428 :    161    408    289    162
   429 :    271    528    170    576
   430 :    565    215    499    355
   431 :    270    121    118    604
   432 :    296    218    408    161
   433 :    489    507    322    354
   434 :    394    465    203    467
   435 :    519    296    161    488
   436 :     60    214    501     38
   437 :    341    231    339    171
   438 :    580    301    191    405
   439 :    244    334    393    388
   440 :    285    423    379    534
   441 :    292    595    510    199
   442 :    579    172    291    500
   443 :    384    315    309    431
   444 :    147    126    529    239
   445 :    485    151    430    582
   446 :    124      7    116    392
   447 :    509    470    556    571
   448 :    470    471    558    556
   449 :    552    219    230    263
   450 :    206    452    585    535
   451 :    535    585    524    223
   452 :    585    409    202    524
   453 :    452      4    409    585
   454 :    455    419    176    536
   455 :    269    208    511    222
   456 :    390    475    595    292
   457 :     59    544    391     39
   458 :    246    417    223    257
   459 :    555    258    438    444
   460 :     36    620    352     61
   461 :    475    404    581    595
   462 :    417    564    535    223
   463 :    456    451    513    262
   464 :    420    216    386    601
   465 :    414    240    485    207
   466 :    588    201    481    286
   467 :    427    425     27     16
   468 :    481    265    492    286
   469 :    426    427    479    596
   470 :    588    480    523    522
   471 :    187    160     80     73
   472 :    495    350     76     69
   473 :    401    308    515    357
   474 :    573    559    528    271
   475 :     34    310    272     10
   476 :    466    483    295    560
   477 :    204    550    615    614
   478 :    528    288    242    170
   479 :    391    512    450    473
   480 :     21     23    461    458
   481 :    512    514    247    450
   482 :    184    238    538    590
   483 :    158    318     75     81
   484 :    318    409      4     75
   485 :    400    505    180    350
   486 :    542    395    157    237
   487 :    170    242    442    241
   488 :    460    217    325    326
   489 :     11    549    345     32
   490 :    595    581    200    510
   491 :    450    247    213    290
   492 :    274    579    500    599
   493 :    256    269    222    586
   494 :    588    522    449    201
   495 :    261    324    100     86
   496 :     41    235    397     56
   497 :    553    508    486    487
   498 :    154    422    162    361
   499 :    447    260    361    264
   500 :    577    268    340    563
   501 :     33    194    549     11
   502 :    309    565    355    216
   503 :    295    387    575    421
   504 :    240    392    151    485
   505 :    550    570    616    615
   506 :    290    213    475    390
   507 :    404    174    246    581
   508 :    277     84    101    325
   509 :    493    261    317    175
   510 :    279    177    278    600
   511 :    378    478    348    527
   512 :    148    125    414    477
   513 :    421    575    416    287
   514 :    258    259    584    438
   515 :    219    469    472    230
   516 :    476    244    388    315
   517 :    347    330    193    281
   518 :    443    297    217    460
   519 :    558    426    596    363
   520 :    602    460    326    324
   521 :    137    136    178    547
   522 :     39    391    473     58
   523 :    308    364    410    515
   524 :    612    611    238    184
   525 :    365    374    210    329
   526 :    253    576    381    197
   527 :    383    587    212    164
   528 :    242    489    354    442
   529 :     46     52    605    606
   530 :     51     46    606    607
   531 :     47     51    607    608
   532 :     50     47    608    609
   533 :     48     50    609    610
   534 :     49     48    610    611
   535 :     35     49    611    612
   536 :      2     35    612     65
   537 :    107    113    613    614
   538 :    114    107    614    615
   539 :    108    114    615    616
   540 :    115    108    616    617
   541 :    109    115    617    618
   542 :      6    109    618    119
   543 :      8     22    619    620
   544 :      0      8    620     36
Number of domains 8
  Domain :      0 
  Name : Symmetry
  Number of elements :     28
     0     1     2     3     4     5     6     7     8     9
    10    11    12    13    14    15    16    17    18    19
    20    21    22    23    24    25    26    27
  Domain :      1 
  Name : Top
  Number of elements :     28
    28    29    30    31    32    33    34    35    36    37
    38    39    40    41    42    43    44    45    46    47
    48    49    50    51    52    53    54    55
  Domain :      2 
  Name : Entity 2 
  Number of elements :      8
    56    57    58    59    60    61    62    63
  Domain :      3 
  Name : Entity 3 
  Number of elements :     14
    64    65    66    67    68    69    70    71    72    73
    74    75    76    77
  Domain :      4 
  Name : Entity 4 
  Number of elements :     22
    78    79    80    81    82    83    84    85    86    87
    88    89    90    91    92    93    94    95    96    97
    98    99
  Domain :      5 
  Name : Entity 5 
  Number of elements :     14
   100   101   102   103   104   105   106   107   108   109
   110   111   112   113
  Domain :      6 
  Name : Entity 6 
  Number of elements :      8
   114   115   116   117   118   119   120   121
  Domain :      7 
  Name : Bottom
  Number of elements :     28
   122   123   124   125   126   127   128   129   130   131
   132   133   134   135   136   137   138   139   140   141
   142   143   144   145   146   147   148   149
